-5.190676662677448761e+00
-1.757252493310124397e-01
3.466419466441327674e-02
-1.174529738712229085e-02
-2.679115786021933898e-01
3.560664611281828817e-02
-3.893107022155126717e-01
-3.050844655719402998e-01
1.168508059553451627e-02
-3.077803252556777780e-01
1.911817679042279727e-01
3.624338890921720568e-01
5.473674027924522179e-01
5.345750015717604109e-01
1.999473318433860891e-01
3.740718632550227851e-01
4.877339044091543174e-01
-2.243355051324885940e-01
-1.959629550154244337e-01
-4.916006267098300131e-01
-1.313454124049202587e-01
3.638455527256390654e-01
1.562365981571653684e-01
-5.219888937404505713e-02
-2.345027628105524065e-01
-3.886822943184634616e-01
-1.010847683596839186e+00
2.275245253204211809e-02
-7.515913496491145873e-02
5.941734892216314901e-01
-3.240958800297811804e-01
-9.898118435962791062e-02
-4.166267085758107447e-01
2.357235229492617989e-01
-4.237169074374930733e-01
-7.364868709396008017e-02
-3.262320963453197442e-01
5.340728686343665377e-01
1.498233313167822989e-01
-5.077843739117821054e-01
1.875143020450996401e-02
5.019163494523797286e-01
4.330843922909710653e-01
5.858317605664729033e-01
-3.404923293706925147e-01
2.805946039365539990e-01
-2.645265377529546491e-01
-5.003389177348348538e-01
-7.850156414466684662e-01
3.723831541354942209e-01
-2.274734145154044263e-01
-1.597478003936038671e-01
2.937489118857788406e-01
-6.332971761482759643e-01
-5.243903911685852126e-01
-2.815098587988047463e-01
-2.242044069228869285e-01
1.994753919259079911e-01
-8.329797547965578364e-01
-5.451659295582524933e-01
-6.684725973236008700e-01
-6.062474011952861952e-01
-7.544404095248974373e-01
-5.477781463427365827e-01
-7.362106924227179716e-01
-8.527976190181252303e-01
-3.465005305688902415e-01
-4.482402522272763701e-01
3.288821979614954538e-02
-6.928688492601464688e-01
1.257678861820739347e-01
-3.407601303972451756e-01
-4.219579561048980021e-01
2.781679664387235462e-01
5.547898928090750498e-02
-3.332904494186279543e-01
-3.228714399027238918e-02
9.014943900856514647e-01
3.561284867645865826e-01
-3.705271610117440856e-02
5.572802278709015900e-01
4.226553989572234271e-01
5.251526936770468668e-01
-2.172162729026866079e-01
-1.806075934911793857e-01
-2.457728393644915132e-01
7.491181623064242512e-01
2.583260078683257133e-01
2.080895924451567069e-01
7.001567933176668090e-03
3.794682199923979926e-01
-1.019287328363342571e+00
-2.419356405842061353e-01
2.206424976417687422e-01
1.327004522880612797e-02
-9.592849331204453267e-02
1.311336416898392920e-01
-4.086420799600739007e-01
-5.271956225654121919e-01
-8.049974380603078239e-02
-4.739293480445435636e-01
