-5.582446185992721022e-01
0.000000000000000000e+00
0.000000000000000000e+00
0.000000000000000000e+00
0.000000000000000000e+00
0.000000000000000000e+00
0.000000000000000000e+00
0.000000000000000000e+00
0.000000000000000000e+00
0.000000000000000000e+00
0.000000000000000000e+00
0.000000000000000000e+00
0.000000000000000000e+00
0.000000000000000000e+00
0.000000000000000000e+00
0.000000000000000000e+00
0.000000000000000000e+00
0.000000000000000000e+00
0.000000000000000000e+00
0.000000000000000000e+00
0.000000000000000000e+00
0.000000000000000000e+00
0.000000000000000000e+00
0.000000000000000000e+00
0.000000000000000000e+00
0.000000000000000000e+00
0.000000000000000000e+00
0.000000000000000000e+00
0.000000000000000000e+00
0.000000000000000000e+00
0.000000000000000000e+00
0.000000000000000000e+00
0.000000000000000000e+00
0.000000000000000000e+00
0.000000000000000000e+00
0.000000000000000000e+00
0.000000000000000000e+00
0.000000000000000000e+00
0.000000000000000000e+00
0.000000000000000000e+00
0.000000000000000000e+00
0.000000000000000000e+00
0.000000000000000000e+00
0.000000000000000000e+00
0.000000000000000000e+00
0.000000000000000000e+00
0.000000000000000000e+00
0.000000000000000000e+00
0.000000000000000000e+00
0.000000000000000000e+00
0.000000000000000000e+00
0.000000000000000000e+00
0.000000000000000000e+00
0.000000000000000000e+00
0.000000000000000000e+00
0.000000000000000000e+00
0.000000000000000000e+00
0.000000000000000000e+00
0.000000000000000000e+00
0.000000000000000000e+00
0.000000000000000000e+00
0.000000000000000000e+00
0.000000000000000000e+00
0.000000000000000000e+00
0.000000000000000000e+00
0.000000000000000000e+00
0.000000000000000000e+00
0.000000000000000000e+00
0.000000000000000000e+00
0.000000000000000000e+00
0.000000000000000000e+00
0.000000000000000000e+00
0.000000000000000000e+00
0.000000000000000000e+00
0.000000000000000000e+00
0.000000000000000000e+00
0.000000000000000000e+00
0.000000000000000000e+00
0.000000000000000000e+00
0.000000000000000000e+00
0.000000000000000000e+00
0.000000000000000000e+00
0.000000000000000000e+00
0.000000000000000000e+00
0.000000000000000000e+00
0.000000000000000000e+00
0.000000000000000000e+00
0.000000000000000000e+00
0.000000000000000000e+00
0.000000000000000000e+00
0.000000000000000000e+00
0.000000000000000000e+00
0.000000000000000000e+00
0.000000000000000000e+00
0.000000000000000000e+00
0.000000000000000000e+00
0.000000000000000000e+00
0.000000000000000000e+00
0.000000000000000000e+00
0.000000000000000000e+00
0.000000000000000000e+00
0.000000000000000000e+00
0.000000000000000000e+00
0.000000000000000000e+00
0.000000000000000000e+00
0.000000000000000000e+00
0.000000000000000000e+00
0.000000000000000000e+00
0.000000000000000000e+00
0.000000000000000000e+00
0.000000000000000000e+00
0.000000000000000000e+00
0.000000000000000000e+00
0.000000000000000000e+00
0.000000000000000000e+00
0.000000000000000000e+00
0.000000000000000000e+00
0.000000000000000000e+00
0.000000000000000000e+00
0.000000000000000000e+00
0.000000000000000000e+00
0.000000000000000000e+00
0.000000000000000000e+00
0.000000000000000000e+00
0.000000000000000000e+00
0.000000000000000000e+00
0.000000000000000000e+00
0.000000000000000000e+00
0.000000000000000000e+00
0.000000000000000000e+00
0.000000000000000000e+00
0.000000000000000000e+00
0.000000000000000000e+00
0.000000000000000000e+00
0.000000000000000000e+00
0.000000000000000000e+00
0.000000000000000000e+00
0.000000000000000000e+00
0.000000000000000000e+00
0.000000000000000000e+00
0.000000000000000000e+00
0.000000000000000000e+00
0.000000000000000000e+00
0.000000000000000000e+00
0.000000000000000000e+00
0.000000000000000000e+00
0.000000000000000000e+00
0.000000000000000000e+00
0.000000000000000000e+00
0.000000000000000000e+00
0.000000000000000000e+00
0.000000000000000000e+00
0.000000000000000000e+00
0.000000000000000000e+00
0.000000000000000000e+00
0.000000000000000000e+00
0.000000000000000000e+00
0.000000000000000000e+00
0.000000000000000000e+00
0.000000000000000000e+00
-4.744808341239747929e-03
1.218145842380043229e-03
-2.095776133614934370e-03
2.171504090817275023e-03
3.201678412647114298e-03
-9.668118586490927289e-04
-1.463370897781025599e-03
9.676961170103965185e-03
8.331335493397108369e-03
1.476509643262773758e-02
5.432692808358679723e-03
8.438332617019960943e-03
1.205980120392506627e-02
1.425594097178174355e-02
1.716222899467623880e-02
1.404010732627612897e-02
1.368775673779669758e-02
8.792966785395093729e-03
1.457060216890441497e-02
1.077955860267658557e-02
8.638518128503969162e-03
1.662744873019761718e-02
8.826278974492231602e-03
7.346813051803072030e-03
-1.085845015489468254e-02
1.804949737524089506e-02
2.911367673689358934e-02
4.242191301093501017e-03
7.529337171361024858e-03
2.268896504792461064e-02
2.591488886738678790e-02
-2.626524396504403835e-02
-3.178706614045084811e-02
-3.849080630467580089e-02
-4.569323317404039991e-02
-6.558524702142534690e-02
-2.905897245038757334e-02
-4.607813547100150092e-02
-1.469259993447233521e-02
-5.320234031206528408e-02
-5.633197188239785075e-02
-9.971083075001181684e-02
-1.212276133361091385e-01
-7.574884069560393340e-02
-3.346407934372418180e-02
-6.306448519213052328e-02
-9.405360713922027160e-02
-6.981614650579037740e-02
6.445468244088764509e-02
2.708300408371665940e-02
8.480065693973051766e-02
-8.653678818884293078e-02
-1.613294716555990077e-02
6.419717099202774816e-04
2.308098190519315696e-02
1.087704505098689989e-01
2.941237194239356215e-02
2.129081972317179924e-02
-2.011278564198734978e-02
2.447460035385814331e-02
3.017414438968260212e-02
1.082263753060175721e-01
1.072857094344889517e-01
2.895795813827916482e-02
3.738683326667988083e-02
5.783025477443443779e-02
-2.600321907538066801e-02
-2.037091502786460839e-01
1.428719379467388237e-03
-5.343927262636889719e-02
-2.735692672901974265e-01
-3.581653088486987796e-02
-9.273024301190334329e-02
3.186513445098277386e-01
4.090029949381883689e-01
-5.796449299242865949e-02
-2.084332651562676164e-01
7.705112007035159853e-03
1.868297588376849616e-01
6.565837366968194089e-02
1.097180899819800715e-01
3.299773802653527821e-01
4.476378213401797090e-01
3.421929546705769487e-02
1.482273988355449768e-01
3.180528571260703846e-02
3.025574703893829098e-01
3.594228379710626142e-01
2.387229782742350259e-01
4.778247213820744910e-01
1.614627940285821572e-01
-2.665343111296034628e-01
-2.736867788709414495e-01
-2.272665604142846962e-01
-3.140344127448177480e-01
-7.227929911710435640e-01
-2.688220325385293763e-01
3.196781660973920247e-01
-4.334083611199540664e-01
-5.149677271819224494e-02
-1.500219336306376772e-01
3.979151143400996848e-02
1.955976759336280901e-02
-2.400340692784778684e-01
-1.749965358015870276e-01
-5.753593876458159562e-01
3.451533134687825854e-01
-9.519562925057581948e-01
1.252954793344496665e+00
4.577059571525167736e-01
2.373092198736150571e-01
9.050033862548337305e-02
9.755355929113485036e-02
-1.237305305811091216e+00
-9.834517585182832589e-01
-4.716190503945408286e-01
-6.163279952793017102e-01
1.572171481282250149e-01
-3.568532480679879604e-01
6.550112091256621305e-01
1.066875548936295548e+00
1.010234607506272031e+00
-1.120021159566332442e-01
-1.117559837442004600e+00
1.321635697941287921e-02
-2.330271530313455519e-01
-1.198619992864460443e-01
5.044610660705362015e-01
8.826609269635766752e-01
1.303472084890548555e+00
6.633559187573675464e-01
1.254641116761622932e+00
9.396471351238802061e-01
1.264245924020713341e+00
1.803455506486375814e-01
-5.200684943138654814e-01
-1.075733495146668606e+00
1.006408953346142332e-01
4.555095345557947373e-01
6.793076049664718008e-01
-3.228466072150221883e-02
3.618348052865628939e-02
-1.071424372474041875e-01
-2.032367761006425855e-01
4.518044884598351185e-01
-4.585614098264439442e-01
1.104532664997475572e-01
-1.260464237004293997e-01
5.903968326612594186e-01
7.482837833474439426e-01
1.720066524878560155e-01
-4.619322788593204221e-01
-3.304457750905085978e-01
-4.501848461402176427e-01
-2.942849958558204637e-01
6.642599655475435461e-02
1.501219632058867770e-01
3.887853522280547425e-02
5.586521433511079104e-01
-2.501689910355232582e-01
-1.444870369863585191e+00
-1.104257091241311439e+00
-9.456031793658074003e-01
-3.255261940768696682e-01
-7.406138519261785680e-01
-1.599419465684439046e-01
-6.563611522797423437e-01
1.813515557552574098e-01
5.773673430547572316e-01
-4.016480301451960666e-01
6.586371140049375461e-02
-7.325227797337872104e-01
-8.660466851311077185e-01
-1.334472780327558006e+00
-3.231462882928534674e-01
-1.161433702846630805e-01
-9.975157691377147806e-01
-9.413530734457868920e-01
-6.684048338106112208e-01
-1.049884205397680681e+00
-7.180788495091077195e-01
3.753577330070234641e-01
6.174049762155566119e-03
-3.607360722789918483e-01
-4.941704448510711445e-02
-4.765565495255689732e-01
-5.981312072763363963e-01
-2.519875748401461529e-02
-6.332099303408292856e-01
2.619184533774866763e-02
-4.205140605660644126e-02
-1.749963489817961959e-01
4.921293790582285110e-01
8.610405048139883055e-01
1.592906238027226307e-01
-5.231029686988318828e-01
8.730548790330311393e-02
-2.737750527468836292e-01
5.053709083349477993e-01
3.150232989727485555e-01
-1.969616979728922024e-02
4.599132045632640664e-01
-4.863137842131430577e-02
9.020780588898345831e-02
6.762050201576748076e-01
1.145191822544908478e+00
8.115533365232064922e-01
1.002492870957699234e+00
5.434414755809947595e-01
7.853416673668488224e-02
8.045947910124022773e-01
5.770023699837671938e-01
2.371966767373678009e-01
-1.979931426806153250e-01
2.555178788844224003e-01
3.537976124035670522e-01
1.500838051948699403e-01
-6.726541236384901978e-01
-6.894791641669288929e-01
-8.894931299972904659e-01
-1.089997600095439223e+00
-8.077229278730794215e-01
-1.420142554854325390e+00
-2.131871181644144631e-01
-1.050440331008766492e-01
-5.948594462239804592e-01
-4.092853813724727230e-01
1.140449945632535621e-02
-2.064571054988534604e-01
1.445146855922423978e-01
-6.335239542559810422e-02
4.973015156240205570e-02
9.300025032346853626e-01
5.779416526947206423e-01
2.942694563903301974e-01
-2.895899443376214605e-02
3.377246530069255570e-02
3.966946887784853285e-03
3.545417152236162717e-01
3.647064312526733798e-01
1.008615504013943731e+00
1.209048625035191060e+00
1.089401583731770096e+00
1.175161578837204290e+00
1.638212170694838543e-01
-2.097070497612307516e-01
-1.832315114345886564e-01
1.612083690158982174e-01
-8.754659116123670870e-01
-5.890999613006208113e-01
2.651221624202062394e-02
3.815390087881190273e-02
-9.308430367635871505e-01
-2.648783671632234382e-01
1.393529523262715952e-01
-5.458334659346658624e-01
5.456336021913162915e-01
7.936197815273163259e-02
3.464282520635489360e-01
3.833723981757421705e-03
3.467522978649368315e-01
7.469679843356464843e-01
5.066764983316764948e-01
6.407106730562125985e-02
-1.828162293505213865e-01
-6.923179689118854618e-01
-3.511935670465567427e-01
-6.871711207461478343e-01
-5.004507909843617375e-01
-1.081285990325598079e-01
1.448029724861458756e-01
-9.025768732514437565e-01
-5.914244524072251874e-01
6.113788963519241060e-01
3.229758800645813888e-01
-2.845936894865559383e-02
-1.352016703448447321e-01
-5.287994443441655923e-01
-3.908925972903918300e-01
5.727925570253446230e-02
-3.582996411667263015e-01
-8.396027334402434983e-01
-4.682077408338151669e-01
-8.331979991049198730e-01
-9.799066008713244180e-01
-1.017289522161354043e+00
-8.545003092260693434e-01
-5.016281480850434127e-01
-1.876413210997390224e-01
-7.273494911340069868e-02
-8.136999886285851691e-01
-4.006540927144150999e-01
-2.109563904679543633e-01
3.190195291781373066e-01
5.270026611567742852e-02
-3.016296498646088287e-01
-7.843803053243270096e-01
-7.884059160975546154e-01
-9.172240794724729751e-01
-1.190669111583137818e+00
-1.418512274907239190e+00
-1.777364325083461649e+00
-1.759363942310611773e+00
-1.110277998662974497e+00
-1.539772913748587380e+00
-1.380351593685196665e+00
-1.497576027871348581e+00
-1.204882149581635531e+00
-1.302513809585929216e+00
-6.576498891364652710e-01
-7.513384228036518175e-01
-8.213576363035177685e-01
-4.261226778992509012e-01
1.129424743828207761e-01
2.879137299670037620e-01
1.152989855765414601e-01
6.098826165582925674e-01
6.629219726537045609e-01
6.792568072345002150e-01
4.835263111266486780e-01
2.599216806773776423e-01
6.737051097882026385e-01
7.554555324301741592e-01
5.100093568515744469e-01
1.966492263144341279e-01
2.349824193912967707e-01
6.165528948725143010e-01
3.840030390620061684e-01
4.327231085022129053e-01
3.262460873473184697e-01
8.381826817861776080e-01
7.438340552213169588e-01
2.708311012403312179e-01
2.761783076672322257e-01
2.903064681326841256e-01
5.735946397241040717e-01
4.134219961060636161e-01
3.534861625063717150e-01
-4.694361791819677832e-01
-3.762679789007875586e-01
-5.237563704480283633e-01
-3.461377416419191833e-01
-6.909260284935831997e-01
-2.440202336054663468e-01
-1.057694862256917598e-02
-4.604629056190485126e-01
-8.633806910848819127e-01
-7.600014265332488694e-01
-1.193982857533636005e-01
2.723620742947426010e-02
2.819806455030831049e-01
3.255102419563590116e-02
5.449023026586354845e-01
-2.206077032164027452e-01
-7.306493031573920716e-01
-3.224369953914489328e-01
-3.328167654142126786e-01
-4.574085943856425751e-01
-9.159415903395443648e-01
-7.307441804122353224e-01
-1.033864942627347627e+00
-7.209106392074206004e-01
-7.102778518739847335e-01
-5.236182482395810300e-01
-3.772989597645079463e-01
-4.049294467154021526e-01
-1.448219197166458194e-01
1.375453472167573743e-01
-1.856601113990104246e-02
3.439302284454422674e-03
5.074158458087910661e-01
3.638517345847948059e-01
6.374705102151666525e-01
5.926821146900309589e-01
7.655392691492010071e-01
2.340471216647015823e-02
8.375585979760220845e-02
-2.068235772345345114e-01
-7.890270900758163952e-01
-5.531375391291520893e-01
-5.818122863998221872e-01
-8.535368307549450195e-01
-3.481216016058089058e-01
-1.715214098807486542e-01
-2.418561153707948774e-01
-3.664634364816959367e-01
-3.510308742155671125e-01
-5.445047401513837260e-01
-4.232025325840802488e-01
-9.736903298347600322e-02
-1.216904941567186066e-01
3.602355815010199191e-01
2.383335565349699314e-01
4.582351088672750317e-01
8.242571654965958894e-01
8.163655356413822561e-01
6.533300336844504175e-01
5.534961383989083217e-01
2.011792714052516029e-01
6.958493015131235193e-01
2.026605209633398630e-01
4.455585798191217806e-01
7.384746029969262437e-01
-1.544456496655154381e-04
4.535657545841068061e-01
5.611953586010844930e-01
5.297797771743106843e-01
6.642490060356603943e-01
4.635742348547824410e-01
3.549266160681769922e-01
2.487420358855864655e-01
2.960666296727593738e-01
-7.233743912223998540e-02
3.664962133485161200e-03
2.778238887627197395e-01
4.292826650812311406e-01
-1.427064971128813864e-01
1.358216929768491232e-01
-3.886470544733856558e-01
-3.026304120658668273e-01
4.844835919471536523e-02
-3.292914773256601646e-01
-5.447290083804028349e-01
-8.813682824795705528e-01
-1.526199398093493476e-01
-7.465905717517247334e-04
5.972055913548497685e-03
-3.433607709139601671e-01
-2.678632287402426537e-01
4.923522438946508206e-01
5.312696711582568510e-01
-3.418490342330313125e-01
2.354334585675849911e-01
-2.564404102014457565e-01
-1.279239520054732855e-02
3.903907600905555664e-01
5.730947663134824399e-01
3.371604258840249502e-01
5.433129449913113307e-01
8.827372192979473509e-01
5.052171981431167191e-01
2.001518560617416009e-01
1.938893264602529753e-01
3.278443762025022301e-01
9.855852837768189906e-03
1.779257122363633870e-01
-2.424259851382936370e-01
-2.913494571811546807e-01
-6.106745517132613488e-01
-7.804918476820955631e-01
-3.260991488062607857e-01
-6.450505718216648088e-01
-8.877465857079076539e-01
-8.788654153499479982e-01
-4.406552265068959806e-01
-5.399033878622253591e-01
-2.471327553337760996e-01
-5.267546559593588862e-02
3.542330713379953644e-01
8.072935097845490571e-01
3.147336326921599259e-01
2.690605317552252074e-01
4.508421049284906945e-01
2.595712546792728337e-01
-1.310379716553993212e-01
-1.143909858516978795e-01
3.579582282863604664e-02
1.644334960477540075e-01
3.349204408392184584e-01
7.520475118323490804e-01
4.735681669039163433e-01
1.703496711109122874e-01
-1.423125356190551305e-01
-2.785491018610989356e-01
-2.868939464432721520e-01
6.689111177765216798e-02
-2.472758039642123928e-01
5.826953451325151967e-01
2.232001895186144502e-01
1.082193280170027139e+00
9.713154274609970829e-01
4.774855952484012289e-01
4.848136489350075573e-01
3.299151703076335651e-01
6.257440014093913760e-02
-8.881564948748683908e-02
1.623426226552876217e-01
-2.304423971462727094e-01
-1.102368336626101814e-01
3.500805517258742672e-01
1.955033572653475660e-01
-7.216284704030852259e-02
1.021797572155358352e-01
2.422243824316999417e-01
3.491363374372889461e-01
2.942222575227084747e-01
2.734406940232585459e-01
7.147840975998939195e-01
6.051657073920446717e-01
4.913961873391771151e-01
5.218373486483346424e-01
7.221465181068401629e-01
4.451270581905205082e-01
6.291554280521459708e-01
4.309465709936255995e-01
6.898837571233426558e-02
2.533248098682823746e-01
2.772166141105006920e-01
2.376757514550546790e-01
-2.555709494605283849e-01
-2.585769576686703930e-01
-5.394578042254342121e-01
-9.228038583100445225e-01
-8.122789489963939680e-01
-1.278810495398222891e+00
-8.799008818497251472e-01
-6.689023601416456133e-01
2.738861833951912184e-01
2.904529532668256864e-01
-5.030618271199940317e-01
-9.740776665763544173e-01
-1.362106716845030929e+00
-1.768797043798711721e+00
-2.476642753307138900e+00
-1.680319441384348078e+00
-8.913628537402427110e-01
-2.661173750576443231e-01
4.201781319165532325e-01
4.820454190307057463e-01
3.281771106979955444e-01
1.464432829930341906e-01
-2.259635432891600459e-01
4.817524871908858697e-01
1.140157221417915201e+00
1.416034648995271983e+00
1.385194191637279859e+00
1.920015920862016667e+00
1.606679752444623688e+00
1.450263040101557266e+00
1.650682837371781453e+00
1.322767711146528802e+00
1.182991668788226924e+00
1.012946361481704249e+00
1.472467626815969544e+00
9.552205531834230268e-01
1.504592531836502545e+00
1.084798474949980829e+00
1.264598311975054568e+00
9.645466696084176172e-01
8.874320746521637826e-01
9.499414050048115010e-01
9.675853267842710048e-01
3.753519357781553989e-01
-1.727666135439171746e-01
1.090226222286851294e-02
4.056292251199735688e-01
2.752424661407820716e-01
6.346086180179416614e-01
5.209778830088576118e-01
4.906003559617990728e-01
1.141053879338416177e+00
1.015682281253344144e+00
8.911772560711472835e-01
7.631706646625949775e-01
1.013478609300638489e+00
9.507207332077286521e-01
4.483157475350070809e-01
6.805082253301720785e-01
7.405172649917025895e-02
4.524549446286950660e-01
3.827997734780101413e-01
4.672982805455638267e-01
1.280028178597965027e-01
6.296308533994319223e-01
8.242568030421703051e-01
6.827532578586393841e-01
8.276840883445857333e-01
4.063127746789628736e-01
7.936540133892935889e-02
5.351445493304369805e-01
-1.403445338222193695e-01
-2.570645351220585129e-01
-2.284953888264026622e-01
-3.271742836286803402e-01
-2.473989675951678846e-01
-9.107069581929996271e-01
-6.720814832991445220e-01
-8.657000307557748409e-01
-8.506283362437289108e-01
-8.117720133406288729e-01
-4.704013120187042762e-01
-1.869736416198481688e-01
-3.204661226426895326e-01
-3.833071657836448765e-01
-3.451513746666239058e-02
8.702257682480429857e-02
-7.365719888064716989e-03
-7.834006472092304441e-02
5.532119084327450365e-01
3.449878086678880851e-01
3.229072635486484044e-01
3.488299136020770463e-01
4.823206638515926126e-01
6.192143713680103856e-01
4.258715900346452532e-01
3.300534091812952209e-01
4.782210998575421312e-01
3.605426186226297069e-01
-7.152002061080907358e-02
-9.043153648913195009e-02
-1.697551613944164317e-01
-6.969574631414027222e-02
-3.182735227009259593e-01
-3.833473526315963609e-01
-3.737277667612568521e-01
-4.388219425850320987e-01
-5.200140124341225967e-01
1.673908582572563308e-01
-1.141736424380710851e-01
-3.275783858621316713e-01
-1.331895604739188610e-01
-2.931544246721309310e-01
-5.968274573692153862e-01
-8.565945566892881891e-01
-1.536458818064567917e-02
7.994373222517237032e-02
-3.341750745319154725e-01
-5.230789512701764510e-01
-1.245920975071275749e-01
-1.132489186105027218e-01
-1.550459694974174463e-01
-1.425816667284426909e-01
-2.698918649792624302e-01
6.471503978106450672e-02
7.248998936398880211e-02
-3.070976455028602836e-01
1.186975600590058078e-01
2.654205895985078945e-01
3.889202755149852031e-01
3.724659626545752666e-01
-1.706435793069507600e-01
8.786524606782170066e-03
2.685042138589734395e-01
2.770907018923114973e-01
1.502093696709683734e-01
-2.962935137013920570e-02
-1.382756389131669927e-01
3.130169836315604970e-01
3.232720653996967730e-01
7.672052842603896972e-01
6.539615682555446341e-01
5.097986326557153447e-01
6.014741820862840038e-01
2.418800558537824719e-01
-2.396034976458700505e-01
7.283082361954222594e-02
3.760457858752867533e-01
6.278513019015303787e-01
-1.272156928490085666e-02
-3.274958554156091883e-02
4.345423017572748181e-01
4.859842173884016403e-01
-1.524655377555420299e-01
-3.725052387286498234e-01
5.899024623069144546e-01
4.473317420642608511e-01
-8.847363942504128387e-01
-6.044739223895146951e-01
-9.870138418982604689e-01
-1.071605738992146284e+00
-7.811109924831869389e-01
-6.262113296484961289e-01
-1.061851272727991624e+00
-1.037372617230567950e+00
-8.553949116670135355e-01
-5.628474225070424497e-01
-8.285595920023823835e-01
-1.454074836624233313e+00
-7.016933538301309836e-01
-1.121762666313510029e-02
-4.368033026440799049e-01
-1.021897805747050025e+00
-7.594321145298628117e-01
-6.132277552568354828e-01
-7.557283279474144022e-01
-6.656081862453923081e-01
-7.246265412399031103e-01
-1.093390695398636536e+00
-7.613653597698960551e-02
8.086039655989839259e-02
-3.020776460868081492e-01
-5.645286428138940327e-01
-2.202754588922796186e-01
-5.609549079807204380e-02
-8.791006382849743395e-02
3.385274977574204147e-01
1.581961718769637690e-02
2.944231873528241339e-01
8.184052613530542475e-01
2.216714147282088099e-01
-5.014270493383009286e-02
2.664404259886813953e-01
6.890859172332769456e-01
1.710764624351857610e-01
5.501895472355727845e-02
4.498188088627392833e-01
2.366227846684696157e-01
3.667144452354958312e-02
9.066715173850722898e-02
1.795305566066427161e-01
5.653150706662488645e-01
3.743638802394770870e-01
3.792538726318112063e-01
3.474388291678757179e-01
6.577127037032005630e-01
6.702333436666956246e-01
6.671444366977183904e-01
1.084849615724116756e+00
8.068489024751260841e-01
2.770154322722774842e-01
7.336973151871859500e-01
7.435551071945635249e-01
4.634760403388792915e-01
3.190534342690387604e-01
5.215607136662029353e-01
1.968430488028879710e-01
1.521916618285754086e-01
8.523401701069856229e-02
-3.243356233388355880e-02
-6.898957929555718516e-02
5.041825200853933264e-01
2.803983419395280063e-01
2.183351993745729636e-01
1.906891940751981873e-01
-1.331713653392219976e-01
2.447280427466577701e-01
3.175134596389345143e-01
-1.411087613870883883e-01
3.176484969361078464e-02
1.436030786184863406e-01
-1.086430371480769791e-01
-7.396037381232049845e-02
8.881739074460320849e-02
-1.185026064386530270e-01
-3.101573186808145310e-01
-1.197092670286584726e-01
-2.799014284472848280e-01
-3.808177939218947428e-01
-2.717337842508372181e-01
7.443602137090743476e-02
9.938694369200057332e-02
1.845160085416469933e-02
-1.989848864641691195e-01
2.733696072474441907e-01
1.840897726147427693e-01
4.453270923005497872e-01
2.885103090944179383e-01
1.342412860780795858e-01
1.379662483089525993e-01
2.330518989398307761e-01
-2.747666312536783603e-02
1.239703803391862813e-01
8.712910920379599022e-02
-4.380028711227095667e-02
-8.983176459059333263e-02
-2.040618437870418429e-03
-2.340154559017324498e-01
-1.267343613092064732e-02
-3.835247860756194060e-01
-1.674360418490724589e-01
1.497842272644742401e-01
-3.090552762811882292e-01
-5.397266510460657640e-01
-4.728415187990608337e-01
-9.652400563148743062e-01
-9.902717050641338670e-01
-5.492960943858767875e-01
-7.384588691399969207e-01
-6.431823759696844167e-01
-4.737559924803371736e-01
-4.991141567280675817e-01
-3.507721406364892047e-01
-5.819145312621246680e-01
-5.505093999499448554e-01
-8.435523460458905776e-01
-7.250677236573536133e-01
-7.990486877878907324e-01
-4.691475069784359908e-01
-1.381180208341322435e-01
-5.181092035138870067e-01
-4.118477958784814152e-01
-5.410491843628177921e-01
-3.532154907121986542e-01
-6.989113680749094171e-02
-4.253492021552559565e-01
-2.415712492085051732e-01
-3.295443470153662791e-01
-2.175249638830112908e-01
-3.862469029784161290e-01
-7.503656448175233251e-01
-4.603128471629558405e-01
-2.361295738846505565e-01
4.489449994384928644e-01
-2.234962700988008255e-01
-2.228302275409869693e-01
-2.004410083805936438e-01
1.419449821653872845e-01
2.733142717260769183e-01
8.124396304006076264e-01
1.096296783295360955e+00
9.133759952860642795e-01
3.884321359480592539e-01
5.320056020077447156e-01
8.303583220522947617e-01
-3.367918180507555037e-02
7.413543084412151096e-02
-1.060929829673096098e-01
-1.778164459173232209e-02
2.094884995037448738e-01
-3.431901967650246577e-01
2.880373648143398913e-01
6.410624818548001924e-01
4.646592896607414924e-01
3.196607241242613862e-01
2.228421318770076529e-02
1.887056694775146315e-01
-3.048638181096892108e-01
-9.005896552095971064e-02
-1.420437978901914478e-01
2.031444484449920068e-02
-1.340697955983058409e-01
8.706524533954493328e-02
1.454149393697091175e-01
1.823988589103369903e-02
6.291546077005139015e-02
2.453848009738469893e-02
1.294375609792906660e-02
-6.280517710430169598e-02
4.380796073738660312e-02
4.683799418147896465e-02
1.057908915698489716e-01
7.772222574058090805e-02
5.352627481422306960e-02
-4.893184314563025009e-03
-4.864045195081195122e-02
-1.284937389722958824e-02
-3.616293297277897029e-02
-4.746249864878319263e-02
5.353260836200211120e-02
-2.570609643478433126e-02
-1.557567514766380889e-02
6.552225147930731963e-03
-1.508211843924119142e-04
-2.823529632621873259e-03
4.635393050932548782e-03
7.114524442738106268e-03
6.226644649177832946e-03
-1.331429805912976751e-02
-1.660090826646717682e-04
-1.904003147651122047e-03
-4.306766955030500929e-03
7.663159010647967216e-04
-4.377860996912520653e-04
0.000000000000000000e+00
0.000000000000000000e+00
