1.549150628741128022e-01
-1.272216526821364768e-01
-1.094217879866486720e-01
-9.034949511414393231e-02
-7.160230892458285812e-02
-5.831102859304088115e-02
-5.231096744714985175e-02
-4.135070462852991763e-02
-3.590272486523621298e-02
-4.581596611090171106e-02
-5.075851909439983711e-02
-6.529056997797069717e-02
-8.776919778672025163e-02
-1.093340523634608874e-01
-1.347807138777542268e-01
-1.494579786940339605e-01
-1.875717699611542943e-01
-2.116323028072183421e-01
-2.281066567048486426e-01
-2.594767047235918001e-01
-2.827904201246910776e-01
-2.897623648595342716e-01
-2.862565907639069152e-01
-2.920453744802095630e-01
-2.643585012179491822e-01
-2.268632024187541563e-01
-2.163338027229488036e-01
-1.792243554592041488e-01
-1.569210538378254804e-01
-1.129312228753602404e-01
-5.881992183297799631e-02
2.379404785170299852e-02
7.976078348358364711e-02
6.390529118640170259e-02
1.209981567425199994e-01
1.111441351433743591e-01
1.188447528027864603e-01
1.443275544031289714e-01
1.544110635599767467e-01
1.546404469423295902e-01
1.619449142071147374e-01
1.683293146328218026e-01
1.476298319423353933e-01
1.679886372245699977e-01
1.701439021554976561e-01
1.620127722128471559e-01
1.615298167787154737e-01
1.413421966079619341e-01
