1.187458820257988185e-02
-3.999789684992590133e-01
-4.136752288979725356e-01
-3.723457042338251810e-01
-3.245874317771560436e-01
-2.583743328398154238e-01
-1.898208082089925253e-01
-1.453896621935425459e-01
-1.088445633735336537e-01
-9.355567687514121378e-02
-7.278634549184009872e-02
-5.103376712346976984e-02
-2.517801585202843542e-02
-2.108557363000724064e-02
-2.125891884275128360e-02
-1.095018294147261095e-02
-1.762267697186902307e-02
-2.371286179181236395e-02
-5.405023381337607791e-02
-1.162442889006708308e-01
-1.696461910473420764e-01
-2.042601188100102994e-01
-2.421463632321044779e-01
-2.758201684487785466e-01
-2.785404668693237662e-01
-2.381731494758870249e-01
-1.894519142666843403e-01
-1.502553917397259631e-01
-7.065236368297089786e-02
2.683945513363814733e-02
9.444596407936294014e-02
1.483400036213922135e-01
2.146161438113558251e-01
2.457728956941502840e-01
2.783084116064090119e-01
3.161084218620651143e-01
3.217175756434427769e-01
3.261949039657521809e-01
3.126961270362174639e-01
2.728518912768874705e-01
2.647032730850428783e-01
2.367927011606345555e-01
2.242979843388967498e-01
2.111672048994199524e-01
1.700596740460079970e-01
1.244563844925150875e-01
9.275331496883355842e-02
6.406114087489112041e-02
8.165613540081681151e-03
-3.212375303800378556e-02
-5.805492665281870163e-02
-9.337572474057437288e-02
-1.189793620316305783e-01
