-2.797201292520254956e+00
1.072348756379531753e+00
5.613425439784620607e-01
3.272687935669802983e-01
4.931135758245177025e-01
2.172831231699987875e-01
1.678675400419454289e-01
2.945416741160638008e-01
-1.716142673452199507e-01
-8.771776601685206398e-02
4.693558346346068944e-01
-2.538694129582787229e-02
1.301295835815824420e-01
-1.649081992953971010e-01
2.174211381174453311e-02
-2.728447189499885739e-01
-1.872114090118774665e-01
-7.594888606149195753e-02
-2.054963586546127430e-01
-8.927157343286881708e-02
-1.191596123963912346e+00
-8.111579031783768823e-01
-2.223812100292531513e-01
-3.698911951008402310e-01
4.376244708486569102e-01
4.078150595996341554e-01
-4.802761446112425309e-02
-9.286870576739088279e-02
-1.010260802318998508e-01
-5.792156127804443111e-01
-5.469917629812840465e-01
-3.900995859321200743e-01
-4.175003995386754041e-01
-5.960825068991603137e-01
1.135996588944050423e-01
-1.623577916688124234e-01
-5.088053971425917643e-01
-4.728205377927739983e-01
9.061327689988991907e-02
-5.214745984558047942e-01
-2.925810521194320279e-01
-7.365913593080240795e-02
-5.653292220692525127e-01
2.268643442584084013e-01
-4.109456481184566023e-02
-5.745321292289119475e-01
-3.348291940051898591e-02
-3.048432540328575024e-01
-2.062893732568371052e-01
3.284336211410003870e-01
1.546792009169306592e-01
-2.637326379273740445e-02
4.333900674104013140e-01
7.147557882379327321e-01
9.765902846160990913e-01
5.861914423450067524e-01
7.663912974081041884e-01
1.977307582142739661e-01
6.747238163436022340e-01
5.518491883885859872e-01
6.706521501186916145e-01
-5.760632701751607077e-02
9.815591091680536673e-02
-8.975912353868278903e-02
7.500574737587210883e-02
-1.282973141092418751e-03
-9.360081304024481241e-02
4.511780477390925359e-01
-1.560681421829039905e-01
-6.067386843882871528e-01
-4.990455711802437855e-01
-5.089375363574266675e-01
-6.235410279480742002e-01
-6.476593226524441915e-01
-9.432333678362133655e-01
-3.376227289641985929e-01
-3.168912582190651639e-01
-1.271399000169260163e-01
-2.364603825732555509e-01
-1.205336260479711874e-01
-4.086895290100233669e-01
-2.527989178745410070e-01
-6.706656506254496941e-01
-2.396654699056153803e-01
-6.172503134225577615e-01
-6.817334861178755423e-01
-5.197959507216627362e-01
-5.564043615868845549e-01
-1.892336853925256357e-01
-5.752815918290945518e-01
-5.207502179197988079e-01
-2.385795205375666195e-01
2.898956953341835230e-01
2.826332008259491713e-01
3.733299038573210105e-01
2.850731882290356567e-01
5.905281206898049806e-01
3.861770834603360791e-01
1.036836020362992966e-01
4.498161358910358065e-01
5.033798844571605313e-01
3.957381984406282416e-01
9.325255503211157815e-02
-9.911608183683523476e-02
-6.452804171428032642e-01
-4.800686513845257575e-01
-7.348962330567940238e-02
2.458734826772986382e-01
1.846711750337079738e-01
3.082506243977194416e-01
4.812982786002202862e-01
2.835990032450407816e-01
3.876785462984943531e-01
5.641143951844761473e-01
6.437418355092856537e-01
5.197439808519643822e-01
4.448166678443422617e-01
4.380648060427513313e-01
5.544955354253714441e-01
5.152186006741515945e-01
5.036873629558197285e-01
4.649154549531303027e-01
2.872121606411657257e-01
5.497065283612079245e-01
4.147734030540348171e-01
4.318643849754092434e-01
2.146968691976928745e-01
4.848013383614618310e-01
4.497512489705159100e-02
-2.485143846926355926e-01
-5.500631203636375394e-02
-3.007428748419840175e-02
1.717294230609271721e-01
1.349246144101318989e-01
