-8.167568389451255184e-01
-3.454212173644016226e-01
-6.844389563286093492e-02
2.738505674492824199e-02
-3.528616438401703248e-01
-2.066691136607134716e-01
-3.028828611887603994e-01
-2.269612817230578505e-01
-1.380367071417383518e-01
-2.049126145405500976e-01
-1.991848424892830316e-01
4.041153163496972317e-02
-1.259941682055572831e-01
1.513634179861640949e-01
1.887607281650190982e-01
3.257951101149068884e-02
3.689266220412704134e-02
1.796273144219684703e-01
3.068155202746346566e-01
1.263622825766775593e-01
-1.565468783942444361e-02
5.187244589971302666e-01
4.007981220508287645e-01
2.662762947907196254e-01
2.018353600375346335e-01
-2.696790260860762109e-02
1.700711023382852627e-01
-2.383369132696863124e-01
-6.096785173216219544e-02
5.095228957065783826e-02
4.380103774612142953e-02
-7.204074657932557635e-02
-1.884374748116639797e-01
-3.762983649426204225e-01
-7.922379177249749826e-03
-5.877226473756368141e-02
-1.492421965841352061e-01
1.060378505063604843e-02
1.723805982928362512e-01
8.323603905738932718e-02
-4.794827743671194707e-03
-1.618748628456644079e-01
-2.790043609695573579e-02
2.890735225269553885e-02
-2.167145646584520691e-01
-3.105434349913281655e-02
7.267026979447768764e-02
1.270807860358153241e-01
4.807127523756277512e-03
-1.768802576346313604e-01
-1.043669599838065870e-01
1.650618142380080589e-01
9.325308228726238158e-02
1.657009987140753149e-01
3.448957268834607071e-01
2.858888792077047269e-01
1.464046801693102279e-02
5.057877809271613817e-02
1.561461984863472541e-01
3.158085407997531791e-01
6.456732333007082492e-01
4.954827292647337456e-01
4.844566554216165333e-01
2.338814188660650328e-01
3.174790727732962337e-01
5.953910036298850628e-01
7.286454714288506107e-01
4.645025061212033068e-01
