-1.222433283896451117e+00
-1.329439847786693940e-01
-3.934329193517541734e-01
-2.749710955764868570e-01
-2.966253093920203643e-01
-1.596194103595695302e-01
9.278797268175979773e-03
-8.288519338134398007e-02
-2.989865361790790613e-02
-1.717145124712300686e-02
1.128628251697828960e-01
-6.964435874314195418e-02
-5.413629963043115056e-02
1.515048477793090320e-01
7.437585009079375475e-02
1.930330559076632035e-01
1.703788128470429264e-01
1.158243654362274416e-01
-4.164807345622108942e-02
-9.492146289157343819e-02
-2.122515717073689134e-01
-3.131905969933936745e-02
-1.640012229922942488e-01
2.498763321839631707e-02
-2.207601639465698803e-02
2.215207767682047524e-01
2.581992540065687347e-01
5.548351916366143222e-01
2.793133188271334499e-01
1.877372529308638238e-01
2.540823597535670775e-01
2.445103690438679700e-01
3.195024944646558951e-01
4.432042814354666405e-01
3.048859297357088827e-01
3.455354910491583165e-01
2.683971367487994475e-01
2.918592105335810483e-01
4.203999105852447293e-01
1.009303639708070799e+00
6.218554112149879964e-01
