-2.076165529794604947e-01
-6.242005183399897128e-02
-5.646838501772405428e-02
-7.210793320615695168e-02
-7.946383208120517960e-02
-9.428296908789193798e-02
-8.875522809027747151e-02
-7.242941542840156122e-02
-5.673305121918988808e-02
-4.443569546432715733e-02
-4.465385260135181639e-02
-7.576018439098441319e-04
3.415942221578638360e-02
6.077822148374908279e-02
1.119734191399062856e-01
1.225388905934520628e-01
1.249891779905330375e-01
1.709197686557909213e-01
1.896608247311989959e-01
2.084274714189679190e-01
2.069297349184482937e-01
2.038069033231110216e-01
2.011857664450948935e-01
1.983907216793979467e-01
2.036051506746121009e-01
1.775585071163653939e-01
1.490481841232710325e-01
1.090182785282867162e-01
1.087919683737560567e-01
9.675414779545671307e-02
1.056281942968089055e-01
1.065457961016463284e-01
1.719339480558945699e-01
2.153229938027562962e-01
2.784523290410566565e-01
2.679187476340785246e-01
2.236685643426698511e-01
2.167025333558066924e-01
2.282497551300309013e-01
6.410554493644771146e-02
-5.610577261806104846e-03
-4.423683261520342663e-02
-6.027424609324014138e-02
-9.118602108413238760e-02
-9.736339591066402177e-02
-1.059348531432916102e-01
-9.210820672117939201e-02
-8.892570918606487740e-02
-1.051234465568514909e-01
-8.556167350854326781e-02
-7.748812042573340053e-02
-7.097975294065674012e-02
-4.369499593114249680e-02
-1.602899802351341260e-02
-5.624991547289955734e-03
4.994062992907725290e-03
2.592319258182137695e-02
4.329073327209588540e-02
6.111791774311758907e-02
4.832998884478428153e-02
5.664510331168828849e-02
5.950161890755686217e-02
6.585551970889688689e-02
7.464815650950926140e-02
5.255188201107202639e-02
