-4.414490838436051945e+00
-1.818080576616218913e-01
-1.523157533217990856e-01
7.438205491478711018e-02
7.595752662526850107e-02
2.063507924147213457e-01
2.500668935420781169e-01
4.226328179726405732e-01
3.705567490053783275e-01
2.660465289458545657e-01
3.912496972002658668e-01
5.311355523192946154e-02
6.974227015707658295e-02
-1.436663886629871434e-01
-3.864068023498505311e-01
-5.735094012579761147e-01
-7.092229639033856836e-01
-6.743354357787916253e-01
-5.961010226100629250e-01
-5.722925899308733966e-01
-2.971835822943104666e-01
-2.465493609184872537e-01
-3.490810493981149065e-01
-1.387559267294835030e-01
-6.270414749219374584e-02
1.408681032232033357e-02
3.761640016292651378e-02
3.627565962362858804e-02
-6.955697101170221774e-02
8.766393203754387076e-02
-2.860260218207770488e-02
1.148924712350070793e-01
1.492297879744237665e-01
-2.373697403989044608e-02
9.354307325532729145e-02
1.466658934594813612e-01
5.888324079731332289e-02
-1.785556678160878652e-01
-1.836203484332891434e-01
