-2.115370109230193751e+00
3.085109990420445980e-01
2.991342346461635660e-01
2.741831104070405201e-01
4.134279633490795525e-01
3.850680746007381638e-01
2.472362415304147076e-01
2.641024660338351926e-01
7.596456272671224530e-02
-8.073927651545058370e-02
-2.984896267659020164e-01
-2.952160854688131164e-01
-3.247487942118453819e-01
-3.226810732535606574e-01
-3.263059248108921562e-01
-3.359295093962602619e-01
-4.321903890051225217e-01
-2.465257539985482305e-01
4.671161650681225630e-02
6.823820802128538476e-02
1.112622554705453293e-01
2.375636894581374670e-01
2.450609618957266256e-01
2.028839730776032524e-01
2.243253918893532706e-01
8.395004016250244561e-02
-2.163639549640440293e-02
-2.234183991508220113e-01
-5.201811064155319464e-01
