-1.921508403158571632e+00
-4.896530332274862118e-01
-4.984925331867911535e-01
-5.652692235014412647e-01
-8.123090099371246819e-02
3.699598130708219856e-01
1.543169058641818414e-01
-2.744156213269530187e-01
-2.922946174999608848e-01
-2.898276678790716598e-01
-2.939091023960655469e-01
1.152502670360749659e-01
3.536686181713701860e-01
3.190460355815839116e-02
2.624033971771257967e-01
3.010022343465298400e-01
4.530833502154619774e-01
4.543968583366221892e-01
2.308601566811948613e-01
5.139047331212295150e-02
2.506051273008367830e-01
-1.211329968698433707e-01
3.896429489726190715e-02
3.064353218077615626e-01
-2.012018848605240384e-01
-7.435127929756338294e-02
3.479460709038261212e-01
-2.879880057910956179e-02
2.777932026197317827e-01
5.958577686021399727e-02
7.033273199319282909e-02
2.781716932995414449e-01
3.434558457007572674e-01
5.747285243957629408e-01
4.094038910042470669e-01
2.585345730562352839e-01
6.061493961273013709e-03
3.277125154341903324e-01
6.395007270697244950e-01
3.678403495021123071e-01
1.982568813160928353e-02
-1.718923156078814574e-01
7.786620050059546438e-02
-4.661017417039312605e-01
-9.054859254058801321e-01
-6.753679780822445800e-01
-7.989753251230381492e-01
-6.998283809629540775e-01
-4.648492345527309721e-01
-7.235947660066267551e-01
-2.149317926038599724e-01
-3.337345860544864151e-01
-7.428656366189954063e-01
-5.730397946438984258e-01
-4.470032305785922588e-01
-7.553818535945375778e-01
-4.034875435783519815e-01
-1.671748528133937539e-01
-7.246111264238047633e-01
-3.223275005885087308e-01
-4.000178086665461263e-01
-5.168543323133408807e-01
-4.879977013699176025e-01
1.529001853012581548e-02
-1.888891537705732204e-01
-1.690939004885071983e-01
-3.837592678057709650e-01
-4.556576615866302915e-01
9.908235581943657111e-02
3.140855138073421760e-01
1.793850626623946787e-02
-1.510015806924947801e-01
-1.250257293242804102e-01
-6.705589540008581595e-02
1.613736255312404055e-01
3.346735819159304959e-02
1.625668279253762727e-01
-1.291838958022806516e-01
7.885052308889135830e-02
-1.285081857081291634e-01
1.471429397409488582e-01
9.784065630458732565e-01
4.835498304281650728e-01
6.062553216337277506e-01
7.281586262351479322e-01
7.087124436026654983e-01
8.371142818666248431e-01
