-9.856921743412918602e-01
-1.563806793361909309e-01
-2.271345132190101535e-02
2.448920330414354474e-01
3.608413279069294655e-01
3.194997681197218609e-01
3.160292171927891469e-01
3.379764257253644044e-01
1.836976946722258530e-01
1.535087410787628337e-01
1.830959800400115342e-02
9.933339062711264711e-02
8.530023893803626023e-02
-6.097079821394758847e-02
-6.991935726929968120e-02
-5.732296685980130951e-02
-2.905089941836990208e-01
-2.741954283859551755e-01
-4.340187074530030276e-01
-5.194753886394924969e-01
-5.038468366664934361e-01
-4.454772317183760544e-01
-2.156889767846701389e-01
-2.716453793835232888e-01
-1.301207441764432315e-01
-1.852985632018990247e-01
-3.604580638299304529e-01
-4.259997471337321207e-01
-6.494455666277258732e-02
1.843687817934993797e-02
1.711956284351004443e-02
-3.687085619674752845e-02
-5.531154737460792364e-02
1.143982494240503300e-01
2.899828254385536930e-01
1.913760647860361930e-01
2.071343344013185928e-01
2.518043270652803312e-01
2.684301857209795972e-01
3.605764487003196295e-01
3.912079173754616224e-01
2.456962572232974373e-01
2.214891088692003962e-01
2.170526728949811190e-01
1.304464850142300070e-01
1.224343182521424461e-01
-3.717509134374914759e-02
-9.971077262774044603e-02
2.026822790061670321e-01
1.328179756965748581e-01
