-4.677482263908474103e+00
3.251004173597764058e-01
4.102776851127506452e-01
2.196337165391941404e-01
1.181268084845674138e-02
-1.704074934455078738e-01
1.819538983573278368e-01
-5.782844476022968444e-02
1.464715141779145656e-02
1.955536616285651341e-01
2.327264149581382835e-01
2.892088408460425364e-01
1.288925145615708867e-01
1.215714904447922212e-01
3.570935243913227475e-01
3.949238271691303259e-01
-4.029811307478326637e-02
4.602704941492592045e-02
5.356722426220910521e-02
2.436880657125408967e-01
2.327092521673918835e-01
4.605618585878438337e-02
-6.329191175431014837e-02
3.376370989099193309e-01
3.650613307104235566e-02
2.513508592965904009e-01
5.768082721604961272e-02
5.116968648452131785e-02
-1.476867185519994130e-01
2.023437613422720549e-01
1.448963290599342979e-01
7.407940326987541568e-02
3.122922408401274663e-01
2.967486834729696210e-01
-1.838022206738298969e-02
-3.570439142443950775e-01
-6.573900055069444859e-01
2.415608965272514896e-01
6.991919678624373136e-01
1.073208594496329743e-01
2.869655799117637462e-01
-9.950107540961627972e-02
8.641997990800761534e-04
1.197401141490813808e-01
1.761002770200031375e-01
-1.382623905950475240e-01
-1.572317237895811196e-02
7.922691291317245088e-02
-9.141426287776979742e-02
1.085981566753677630e-01
-1.556837004732969376e-01
2.184460226048009351e-02
2.363793853163901060e-01
1.375238809699494691e-01
2.057711948771302479e-01
1.303258946155873843e-01
1.199870209581180708e-01
2.260810623066595859e-01
2.518814737641867363e-01
6.938079765877264160e-02
-9.603195870218000918e-02
-4.854404988028959700e-02
-3.870848694532040279e-01
-6.306526578842457376e-01
-7.067135101437519440e-01
-3.761209402037207772e-01
-7.516763529906955732e-01
-4.829647114009162356e-01
-3.351758835540560866e-01
-4.374341613118098993e-01
-3.034069848462042640e-01
-2.767492212779827376e-01
2.576168640226136203e-02
1.211781927960128707e-01
6.169530756233733426e-02
1.212276776266642403e-01
2.523613101507378720e-01
3.877516983878966927e-01
3.483845417325703298e-01
2.382079505787480789e-02
-2.108293389951108876e-01
1.796849006564142370e-01
8.182781794426551014e-02
5.531895077459504304e-03
8.787561721688796901e-02
5.048497931900672309e-02
-3.169960238924661444e-02
-3.303175935789184336e-01
-1.158776469542772414e-01
-7.713086816617739649e-04
-2.159520843723998218e-01
-1.626383181125770350e-01
1.632559640630207587e-01
-2.953837758604943228e-02
2.686721710322972911e-01
4.208897982352036854e-02
1.555598881215963236e-01
1.490019010141718780e-01
1.435096913954816145e-01
7.522919528930800681e-02
2.650169762692703990e-01
1.775013699658985200e-01
3.577751351841490512e-02
2.448980375331295117e-02
1.123032134856706138e-01
4.486184328670707044e-01
3.748324935129352942e-01
3.713255409582696398e-01
3.121255528225668763e-01
3.496983817920387150e-01
2.781256850637251476e-01
3.263516263418448915e-01
