-1.095319192217302645e-02
3.022897394954170980e-01
2.926428404390164495e-01
2.888565563002077341e-01
2.101184858972985903e-01
1.734152244668160092e-01
1.660082976237869934e-01
1.537576941713814094e-01
1.163132564264937052e-01
1.015734664846601049e-01
9.167518026111878826e-02
7.347976743765254060e-02
8.640344769562430249e-02
6.747862826726309937e-02
7.011634927163307163e-02
4.400171578137294232e-02
1.767105732035149576e-02
4.247498320067937157e-03
1.141347342078690395e-02
7.234178294000472367e-03
7.039547670537439107e-03
-1.277556965128309090e-03
-1.851915294789499566e-02
-2.405885836007543022e-02
-3.827531809371732818e-02
-5.178240282725184856e-02
-6.004829631396316203e-02
-6.163025678785782197e-02
-6.636286824905561488e-02
-6.018961814211779005e-02
-5.438685027418681955e-02
-6.940293798563645922e-02
-7.233469141170661976e-02
-7.689124604838273869e-02
-6.800920628973203264e-02
-7.446886699349281047e-02
-9.067126536839784090e-02
-9.104912881879832776e-02
-9.281834498951135881e-02
-8.235263357522056016e-02
-8.925907498723906208e-02
-1.202155106090929265e-01
-1.237333328219706596e-01
-7.048145794456991964e-02
-1.088209006530557327e-01
-9.949835331769035784e-02
-7.062184546859502643e-02
-3.898193728661072249e-02
-2.663618814903413734e-02
5.026007562470061717e-03
4.855923307172304443e-02
6.704299014312103955e-02
7.876023920929901834e-02
9.395817401114615885e-02
7.652344257938140104e-02
1.106587153547477081e-01
1.185124721651055341e-01
1.366395990420902484e-01
1.499448655836382316e-01
1.702785985400739333e-01
1.913017586029494010e-01
2.178469573093247125e-01
2.398531255612722513e-01
2.336860628088409941e-01
2.426411996442248975e-01
2.538271765340286423e-01
2.717830047363500867e-01
2.659665454443005395e-01
2.219451924852833824e-01
1.939854277472160271e-01
2.098404978809623456e-01
