-2.995369815905785105e-01
5.091667681922055211e-01
2.222015073361189030e-01
4.853581054900139580e-01
4.288935488302761945e-01
5.809845404964603111e-01
9.112282530721596552e-02
-1.209060174063259219e-01
-1.995401169896270366e-01
-4.179569481993022362e-01
-3.082021283234365749e-01
-8.544121553128815327e-02
-5.410023345476601409e-02
-1.278526318555524288e-01
1.008386434697203099e-01
9.191541964074030624e-02
1.096907275912296365e-01
1.176124727284232757e-01
1.346612593616428044e-01
-7.960305288861098394e-02
-1.104727904378647735e-01
-2.920624571270501457e-01
-5.458796621115531433e-01
-5.671504223559916680e-01
-5.938847153931376965e-01
-6.343634726815409186e-01
