-8.217168937733585476e-01
-5.569515123910754317e-01
-5.891317015856391004e-01
-8.201897566660538708e-01
-5.044627735549882530e-01
-6.750531481231193398e-01
-3.618410468535253055e-01
-2.122923901396829571e-02
-8.848806873078218782e-02
2.660687819496020401e-01
8.308573817626367930e-01
9.785588110944808404e-01
1.143767091620655041e+00
6.760291694299785936e-01
-1.173751690687989402e-01
-1.082307010311054363e-01
-3.706667954760010097e-01
-4.624782769260575854e-01
-5.296760385016573425e-01
-5.218380421890675969e-01
-5.676004912581663620e-01
