-1.497346107444720853e-01
-3.128252211589031828e-02
-6.602227789120079793e-02
-7.720051782226543258e-02
-1.022532007826805339e-01
-7.099375946754847566e-02
-3.488057735225843364e-02
-6.361920642050456279e-03
6.315246708076499571e-02
4.223210859831727504e-02
4.292187437193743793e-02
7.998356835838271728e-03
3.243768635559233365e-02
7.980256617536482522e-02
5.133021885431935522e-02
8.539652478588100060e-02
1.005748606977543980e-01
8.988606134842344608e-02
1.119620839680603996e-01
1.126109932290874777e-01
1.465252262708565956e-01
1.737511422452813203e-01
2.008564537027196228e-01
2.271926838887123323e-01
3.064804226167824885e-01
3.180693349469183029e-01
3.448203876399114076e-01
3.410019981606314809e-01
2.665832250499693412e-01
2.797919681574632111e-01
2.637565824707080453e-01
2.140783896897716365e-01
9.231350162514834201e-02
8.554451769529857613e-03
-2.878471708465484280e-01
-3.954946060226852689e-01
-2.200637151857942342e-01
-3.822087536755282566e-01
-1.894060222599992793e-01
-6.721982493932117386e-02
-2.774256677746267732e-02
4.924762335798561763e-02
1.989795175141510497e-01
1.716554778948107818e-01
1.538178148106600363e-01
1.563675754182343447e-01
1.690205583041473059e-01
1.640270953179664981e-01
1.326933872136682735e-01
1.299824232622392717e-01
8.530731459327918487e-02
3.689721212896290847e-02
8.967816549664431314e-02
2.831644563261563954e-02
3.758190928033039446e-02
5.291922324522700671e-02
3.126206144360564598e-02
3.006410493102633363e-02
3.615718139922285274e-02
