3.278292433308814535e-02
-1.072702052466233957e-01
-3.526054611469452427e-01
-2.688103346360629642e-01
-3.335789011245690605e-01
-3.744956341095584396e-01
-3.477493853122132217e-01
3.057572535986653045e-02
-2.016829593873357696e-01
-3.021732321285155454e-01
-2.961076065746945374e-01
-3.778926322552073613e-01
-5.086722995220346322e-01
-4.417951858432625500e-01
-2.698612489301369100e-01
-1.330023619963064709e-02
7.183229936738635968e-02
2.312191422319362366e-01
4.261016858888351244e-01
1.715859197561545313e-01
3.487090098934689242e-01
5.122034997056178485e-01
2.297090238279435870e-01
6.362953178626749029e-01
6.653180547104908804e-01
4.543005704303683667e-01
3.761328052757548779e-01
3.525094765365852090e-01
9.210044363932270994e-02
7.609061774875196249e-02
-9.700991363396357925e-02
-1.617573333410309844e-01
-3.435697877417839829e-02
2.036888034557103946e-02
2.204715022652652123e-02
1.758310540144463613e-02
4.262824633993322204e-02
7.662244476656018821e-02
8.876464531888131337e-02
3.348464407220214656e-01
