8.159078192248239714e-02
6.363899710856597558e-01
5.958798346034204219e-01
5.023861196501107074e-01
4.183786833175059949e-01
3.007028183980228753e-01
2.418430743408251371e-01
2.646880204235639855e-01
1.760282981381182388e-01
2.494284529666974393e-01
1.659599192839402715e-01
1.305342267557755842e-01
8.558735727755337197e-02
1.229072803376724254e-01
6.512132687267278841e-02
2.093998765548420182e-02
-5.035728299184559498e-02
-1.213336715007905520e-01
-1.060372983795405399e-01
-1.125377761760185252e-01
-9.145383556289793381e-02
3.708781550196048327e-02
7.648950328897542728e-03
1.779388043548504883e-02
-7.712409672177918118e-02
-1.316186660256507546e-01
-1.747197734620237475e-01
-1.227003927581371001e-01
-1.417986825785783611e-01
-1.191354670934665350e-01
-1.177825437142832887e-01
-6.467888441819408252e-02
-2.710629134988119804e-02
-4.006103444685998882e-02
-8.290693799699727640e-02
-1.195110831154467534e-01
-5.889954427062148862e-02
-1.593515679501180948e-01
-1.833491119394674851e-01
-9.100426174461370699e-02
-1.127243931445882918e-01
-9.625012222770293335e-02
-1.028141665856620729e-01
3.745085360391241930e-02
1.229792605867025962e-01
3.443380568213393056e-02
5.278178210515318408e-02
1.031591536099142198e-01
1.126120655378416574e-01
8.730739442802247507e-02
2.844200785140234555e-01
3.147036576817980880e-01
2.775936156376133668e-01
4.230999766276744567e-01
4.036445631327919004e-01
4.142737732258370276e-01
4.708680214967154165e-01
4.407546035837524578e-01
4.525214798401580585e-01
