7.361049194732152690e-02
4.026334641994161467e-02
9.765659470104597062e-03
1.293765511112475279e-02
4.129687861917874687e-03
-4.034284664650679073e-03
-1.667500158455300242e-03
1.886004868991363395e-03
-1.324828878698727612e-02
-1.692930057353760412e-02
-4.158672162092786478e-02
-6.589020944652713985e-02
-8.234024895975720904e-02
-1.072436366991207785e-01
-1.098579532314700180e-01
-1.221263282579057446e-01
-1.337765759793539677e-01
-1.501664823444049668e-01
-1.519258090483300017e-01
-1.734232346115567591e-01
-2.007664033418735117e-01
-2.030288755185695460e-01
-2.205841483949612380e-01
-2.145967978472679560e-01
-2.119807312640327457e-01
-2.139428920116123178e-01
-1.941295282537057465e-01
-1.954513364267724262e-01
-1.987162248620686356e-01
-1.864795038593074217e-01
-1.859448791429987591e-01
-1.779471454946643105e-01
-1.835777464925488767e-01
-1.715393022877142182e-01
-1.808983572696434838e-01
-1.850425622196545383e-01
-1.754768290384094431e-01
-1.642795832982364423e-01
-1.544302542085860819e-01
-1.378279168535647137e-01
-1.348561785305908978e-01
-1.253494609664956017e-01
-1.293852728145550857e-01
-1.395145208773080625e-01
-1.324023987523477441e-01
-1.317331796194065041e-01
-1.252835719250804947e-01
-1.274175027451409925e-01
-1.261954422322055513e-01
-1.494663989965430706e-01
-1.531779738324950402e-01
-1.434510072368284928e-01
-1.476180344732305194e-01
-1.539883349613306307e-01
-1.595373507056122298e-01
-1.756972759674635121e-01
-1.875244568035599746e-01
-1.931561640042674388e-01
-1.996423969965303302e-01
-1.990955727354430660e-01
-1.748492671597682846e-01
-1.559235816647822348e-01
-1.410021070520532660e-01
-1.307298958822951940e-01
-1.001432471907717642e-01
-8.024927378847293569e-02
-7.496109601234418607e-02
-6.974423429970158517e-02
-6.889257287663333451e-02
-4.665246767120149324e-02
-3.858187695542840412e-02
-7.698316509188543946e-03
5.710163288775200671e-03
3.742285886760040453e-02
4.516462580382874653e-02
6.780472147856281273e-02
6.517076269855923143e-02
8.249576748572809426e-02
9.074537057966504394e-02
9.142514271695467709e-02
9.912644599090351949e-02
1.043038234868931824e-01
1.147329942310514883e-01
1.267561491661890194e-01
1.398644283241246566e-01
1.503308418381675837e-01
