-3.122202165148016406e-01
3.442278591229104290e-01
4.981175249473725475e-01
1.074873586767260275e-01
1.113452403149061271e-01
5.545657797509073728e-02
2.336776749569669659e-02
-7.273719149913090987e-02
-2.465880966946861208e-01
3.642968265176529247e-02
-7.485973328917053249e-02
1.953485447881262160e-01
1.495537513606081947e-01
-2.933444148773402538e-01
7.545153144111331478e-02
3.381652505524941899e-01
1.685278277084798493e-01
1.345820403957641576e-01
-9.413542096892048294e-02
-4.576458265709702072e-02
-2.090140671152847240e-01
-1.130796206483680316e-01
8.185591605105006774e-02
3.144159388944974820e-01
3.996341404509296674e-02
-4.132896590479113730e-01
-7.276191195467894557e-02
-2.620565927262576977e-01
-3.206080856153197822e-01
-2.748923772625669337e-01
-4.998042555565271883e-01
-3.815581543146179810e-01
-2.751391384790112249e-01
-3.668474989393474273e-01
-3.834551663135155608e-01
-1.855142386992982007e-01
-1.316725109478273370e-01
2.635101915337267203e-02
1.829035477599090520e-02
1.470838056211087874e-02
4.808254371472756722e-02
1.136413487644190451e-01
-3.162788310399627933e-02
1.499418409664579066e-01
3.574693916475211730e-01
7.801124132414397061e-02
1.185190743363953754e-02
1.547506994827755611e-01
3.142813117022464353e-01
2.078415012150366115e-01
4.793653963147957997e-01
6.509093373161045637e-01
