-1.272973046105340567e+00
5.018353039233793833e-01
5.150666524295011151e-01
1.180136967126842185e-01
2.404578728018394451e-01
2.673115627360449498e-01
1.524942787519595888e-01
2.800938228683958475e-01
1.737537372303324945e-01
3.629144614184140472e-01
1.731147589071948545e-01
-1.285233640894134777e-01
3.165145844701665323e-02
-1.232848546459767852e-01
-5.813123790656318096e-02
1.186258243478135466e-01
-1.073681832009907716e-01
-2.789346738796006364e-01
-2.685722567967145369e-01
-3.724449290770274756e-01
-5.793697181571888510e-01
-3.575838926221996394e-01
-6.166196430552494112e-01
-7.339884422322626722e-01
-4.183365093723078743e-01
-2.468583037664002222e-01
-2.419769865450808466e-01
-2.565642147372197424e-01
-4.007918751634994003e-01
-4.254742759708410871e-01
-2.077899331130184934e-01
-3.880197411741147934e-02
2.961911613228583873e-01
2.807847568849605735e-01
3.363462881316682807e-01
4.228909165106574664e-01
5.173977483090161922e-01
5.350413911389441113e-01
5.994749452489666064e-01
5.971000478168171366e-01
