-2.154005310758639880e+00
-3.657410687464825172e-02
3.195512229747254906e-02
-5.874990924662849140e-02
-9.934717786039111431e-03
1.392395677385022124e-01
4.902318614749836406e-02
-6.240331957227619741e-02
9.478307435982960549e-02
1.091933021649820618e-01
1.474397427772208835e-01
1.372747499657771819e-01
2.045858107129586434e-01
1.875800551188615828e-01
1.413190628383226843e-01
6.732214399543370864e-02
7.248059993713158733e-02
2.232168134476285037e-01
9.263045076841439074e-02
1.369550143649758134e-01
6.666246097159685136e-02
-6.272858122499740119e-02
-5.391365662504923884e-02
-7.694314679829492021e-03
-1.199236426410805745e-01
-4.213333605702014595e-02
-1.990198520554900541e-02
-5.354016420103507867e-02
1.126035607566791830e-01
7.567060726732056930e-02
4.488337284302190006e-02
2.716389057820046624e-02
-7.553685050726859085e-02
-5.198581875415497072e-02
6.692167275615334976e-02
-6.752892564404973375e-02
4.211618871478879644e-02
3.020403464375138666e-02
-5.098485913346187393e-02
9.541558894978109315e-03
-2.526708324094555785e-02
-7.326689655695886594e-02
-8.944365204816202841e-02
-5.383648479206597226e-02
3.939831055285277633e-02
1.164256012100522153e-01
-5.898901764228408479e-02
-8.107019266254078538e-02
-1.416921472281265082e-01
-1.967554937450093910e-01
-1.932053510976267929e-01
-2.457480487625090040e-02
-2.965961710323816725e-02
-2.525502648197842648e-01
-4.881355614606330273e-01
-2.360428130600636942e-01
-2.571178564062955307e-01
-2.584183143811009664e-01
-3.958233772773895875e-01
-3.762369974862357358e-01
-4.550918946887312355e-01
-2.858111831574627337e-01
-3.565292511993602420e-01
-2.324202402757917230e-01
-2.153577947785854374e-01
-1.624084812214785511e-01
-1.341455508175400380e-01
-2.351668080592939081e-01
-8.151166702857703950e-02
-2.712154366329931968e-02
-2.128241023689962930e-01
-1.665164583719147828e-01
-1.124567625768422424e-01
-1.771103058387522855e-01
-2.362595682437222955e-01
-4.424091937426000154e-02
-2.620537759897211827e-01
-1.267762940682129469e-01
-7.526094058032516132e-02
8.539070408655466404e-02
3.956378143349752186e-02
1.467563067656976750e-01
9.136545696233229485e-02
8.891911307068668668e-02
1.210347905774363658e-01
4.563217986996871006e-02
-1.623834433871057525e-02
3.023208992878446688e-01
3.522260024973788428e-01
-4.729134176592324906e-02
-1.920504755460326549e-02
-1.806835596991453533e-02
4.265020347706683507e-02
-1.298748293347949667e-02
-5.244595837861650706e-02
-8.681761107937763233e-02
5.033099149327557864e-02
-8.986897039827348999e-02
-2.832147730676521924e-01
-1.527664340529093778e-01
-4.923508943111820080e-01
