-2.938473500960480322e+00
-5.181109622788987457e-01
-2.184344528757578840e-01
4.469144972409480054e-01
6.641047952029640600e-01
1.043392721154372094e+00
1.213869953317403327e+00
8.991567577392535204e-01
7.826173734185751796e-01
4.789587464330797850e-01
8.513594805489030359e-02
-3.240929057823229709e-01
-4.304548909830392400e-01
-7.328256294302234464e-01
-4.526603579992723447e-01
-3.778044393207816709e-01
-1.605729113749549408e-01
4.765137533691772564e-02
-1.698394233963214095e-01
1.748817999086434705e-01
1.375806207294777150e-01
7.812987706704471735e-02
2.320270693737980228e-01
1.558281388589170258e-01
9.408482810083282355e-02
4.333869335828653968e-01
4.231454291244253207e-01
1.822544566139154554e-01
2.488069524245016262e-01
1.857904470819557886e-03
-2.311658627275346156e-01
