-7.851888057424974976e-01
3.851339656480964324e-01
6.115016007754011662e-01
5.917360587521317550e-01
7.218709022107425710e-01
7.377292369708220443e-01
4.437039455674828270e-01
2.718652584693100338e-01
-3.495072516621944986e-02
-2.531783481196441254e-01
-3.210685585056368696e-01
-5.737584342859117781e-01
-5.345571869875316295e-01
-4.994506622534384266e-01
-5.237168640942450049e-01
-5.041824739032656488e-01
-2.926036956526764654e-01
-2.320960308059925314e-01
-4.257887261422504954e-02
2.061875424465804407e-01
3.389399871237811501e-01
5.405714114825075356e-01
6.077355397040606899e-01
7.464429438501166691e-01
