-5.472836415111824948e+00
-4.115654027600711973e-01
-5.026171315006809914e-01
-4.148032197513249475e-01
-4.477552044328159120e-01
-2.267411329345150051e-01
5.131965895795383981e-01
-2.314379597817419268e-02
-1.728643439493690315e-01
-8.600515919651567642e-02
-3.601505139617296875e-02
-3.817031457936331806e-01
-3.058242842214958790e-01
-4.082731906344203021e-01
2.898664382448822366e-02
3.370755481090865202e-01
1.972170679310127905e-01
6.384962618540067636e-01
7.240600448700043046e-01
7.313080229095894058e-01
8.506961888443338449e-01
6.780223151665145664e-01
7.843172072946786866e-01
7.324715577184411908e-01
7.216144665536688985e-01
-1.777558626663327812e-01
-2.515360355228221101e-01
7.953920503121869601e-01
3.865540680884703706e-01
4.565129700443411598e-01
2.349105124270733091e-01
-1.382085368833393946e-01
-8.019404772892506639e-01
-4.235412483040148501e-01
1.180448973336522961e-01
4.520484075146041780e-02
-2.933919504739572193e-01
-6.919687028239451809e-01
-5.464468818715567666e-01
-7.555120477333988616e-01
-5.819312117714874333e-01
-3.401983387104056122e-01
-4.750756192405323347e-02
-9.988125676148504328e-02
-4.891318968956977209e-02
-4.022690379459666343e-01
2.680768190665115402e-01
1.740498999689102100e-01
1.123434358675253798e-02
-6.798345711034878280e-02
2.975267870202886189e-01
2.065070996867974726e-02
-1.797289196929381314e-02
8.232302836617502728e-02
1.345446843556825089e-01
5.164142748352554269e-02
6.148600965049442202e-01
-1.163238304611390050e-02
4.479280785994508296e-01
2.913076115300493041e-01
2.978212955308934262e-01
4.680153389631671046e-01
4.050217911060420839e-01
2.040914497630012536e-01
1.291792382543258400e-01
1.842717186837317112e-01
-1.013596369479271841e-01
-1.853394060777413810e-01
1.778750023979389361e-01
-1.651804945803737601e-01
3.103632598949834231e-01
1.941724880212721861e-03
4.612689879429880679e-02
1.332796845279086984e-01
-6.963429045597926623e-03
-6.774991911274318157e-02
-2.915919654027985253e-01
-9.433302733679790886e-02
3.406119394822590407e-02
-3.640502065756419658e-01
2.098654893359185591e-01
2.618917703396403396e-02
-1.096433702833519847e-01
1.968042477735775508e-01
2.195299629156251542e-01
-1.362985773761503545e-02
2.418846552082072887e-01
2.234130081169906634e-01
1.792475442762724858e-01
4.554944371456061680e-01
