-2.643772617013406476e-02
0.000000000000000000e+00
0.000000000000000000e+00
9.833581287058496681e-06
5.073657623506539773e-05
-2.466406925028047305e-04
5.783306321025346490e-04
2.087095484531799496e-05
3.603779406229404135e-05
-2.435095898236489767e-04
-8.344603726127250475e-05
2.142513080711451923e-04
-1.285352840285194150e-04
3.065268380142595469e-04
-1.920282638500386992e-04
8.743959283016138615e-05
5.588718374281560720e-04
-6.052982559954579630e-05
-1.562635418140238407e-04
3.544968422978935310e-04
4.066420384564871002e-04
5.503086428872110266e-04
2.870821823017746148e-04
6.979037095009771102e-04
3.746756403240757041e-04
-1.045572128885376801e-03
-5.167188587466047455e-04
5.502814188196731822e-04
-2.330272903502446239e-04
-6.684307284377349586e-04
4.997283716514910054e-04
1.043406879779621094e-03
9.180218301206335670e-04
1.920476300697053149e-03
1.248003492712656615e-03
4.741303669327132336e-04
2.362983055071119789e-04
6.803439970931550321e-04
9.128561016280922020e-04
7.562207775110520083e-04
1.487246663966945237e-03
8.729796235862610429e-04
1.256544451960290871e-03
8.583687244018471879e-04
6.052043589201670363e-06
1.355095202232186680e-03
1.146968507992885983e-03
1.956596288167616621e-03
1.845808106756959769e-04
4.712587948600589641e-04
5.043983755838854759e-04
1.263513736046345580e-03
2.876925229533730793e-04
1.244875266110599590e-03
-2.298016910026981805e-05
3.587065547172106194e-04
2.762999809526125745e-04
6.947225795911161428e-04
4.834772283942585899e-04
4.936668600144672198e-04
2.546993595361093216e-04
8.095463591034294647e-04
5.806016126173466421e-04
1.228330002956588883e-03
1.662207157468100372e-03
9.192661072215301205e-04
2.496610318822475817e-04
4.987359381615008927e-04
9.156311025267942130e-04
6.587548493302879593e-04
1.809682929472625126e-03
1.876012672030910556e-03
1.511312443367782274e-03
1.074874921809514539e-03
1.275309288797183077e-03
2.181989111927696776e-03
1.383991370443198683e-03
1.400035778424545954e-03
2.106989698173051574e-03
1.229263786105678786e-03
1.135358164309486530e-03
1.119992113719467212e-03
1.120395571416684527e-03
1.173715712470130073e-03
1.126098713864423593e-03
1.395619811967711886e-03
3.694084453197193571e-04
-4.983198306591690501e-04
-2.549638211026447306e-04
2.448367153768455013e-04
-5.735018033958742649e-04
-6.124782966455210404e-04
-4.744267734700732147e-04
-9.545364372431888907e-04
-6.510128495970863346e-04
-7.684587038992967811e-04
-5.833099684914253713e-05
-2.253797498907031882e-04
-6.474032013506187495e-04
-1.109563792984789637e-03
-7.509786612721036083e-04
-1.043947906420309400e-03
-1.167546664052653135e-03
-1.180118123869458493e-03
-1.010284746053166692e-03
-9.769104609206780317e-04
-1.687912895635144137e-03
-1.517474444383197984e-03
-6.563427358935845389e-04
-3.931867264686865032e-05
-1.179516419942268270e-03
-3.855107365852856452e-04
-1.003721345885476030e-03
-6.575260798711133779e-04
-4.384815829717902589e-04
-3.511216958211745790e-04
-5.853376508439410344e-04
-4.788193814198526358e-04
-1.395737502646067214e-04
-4.116518551338519327e-04
-8.190862777243273791e-04
-7.536277211916284297e-04
-1.920873449006470159e-04
-2.781528167943356071e-04
1.047580848226209753e-03
4.946989124915006884e-03
1.274538530778239042e-03
1.831035534918472969e-03
1.462018677479645559e-03
3.421885685690558530e-03
7.132425583451983088e-04
1.152214054922413551e-03
8.280996029148229940e-04
-2.883801238332391655e-03
2.466662638681665822e-03
-8.448397226204927470e-04
-1.239053628279425173e-03
2.181214540012153379e-03
4.226594741344910124e-03
1.952976568576880604e-03
-3.384836159631771785e-03
9.368005412130661624e-03
-1.287950048283654017e-02
-6.190290476074467377e-03
-2.515005104966706612e-03
-4.146303941868381519e-03
-7.253260088544549386e-03
2.462848814611159464e-03
-8.572377953459950697e-03
7.744331320007653971e-04
8.880619226077211825e-03
1.767855516374077429e-03
-1.714891493343272989e-03
-9.466152046709717938e-03
-1.374215140332514951e-03
1.536693124263414055e-02
1.338740677428333983e-02
-1.602063853556610559e-02
-1.093610510590155294e-02
-2.681013962516780660e-02
1.266519078561258865e-02
8.014605438409380363e-04
-9.693559520783854438e-03
-6.838193216346494761e-03
-1.396096097084519386e-02
4.216019837027656925e-03
4.983211218976595080e-02
8.950505202186145870e-02
3.024100956970580956e-02
6.991520695466427182e-02
1.216605653581388641e-01
1.097435991850531090e-01
8.079087271818989613e-02
2.200874711918634208e-01
1.644391891130047023e-01
8.534802293697429194e-04
-1.889165105427244654e-02
-2.316741307737754316e-03
9.216378223970246586e-02
1.162626541486513065e-01
1.047173194407877289e-01
1.729001975380936307e-01
1.633587495199675943e-01
1.108295722149514884e-01
6.222186000521078703e-02
2.383274403443853551e-01
1.489743867642489283e-01
6.947664704901149180e-02
2.524692341229115358e-02
3.228645179389377784e-02
7.438152527684192307e-03
-1.030362165489555892e-01
-1.204268513287832659e-01
-7.098067486603319709e-03
-4.910650984046917300e-02
-5.874663211169395272e-02
-7.242017222735014359e-02
-3.354186671866557501e-02
-7.053136237992118848e-03
-6.700296295409785552e-02
1.294987336890459362e-01
9.717219631338093466e-02
-3.895821405030848450e-02
5.986437617508155729e-02
-1.870617564203161734e-02
-7.981917326524817780e-02
-1.250380220640996687e-01
-8.954439091791667471e-02
-1.122165988522157293e-01
5.286308173110754009e-03
4.664100636662031618e-02
1.234584185902483019e-02
-2.222706375589953223e-02
-5.303423903470626255e-02
-8.320277948208731206e-03
-2.576643292058866663e-02
-1.297323016069089341e-01
-5.230675043598428248e-02
-6.428504312115325588e-03
-1.148046660601295399e-01
-7.583048166406085311e-02
-3.977295441336063664e-02
-5.648420038768611068e-02
-3.520893148689102636e-02
-1.985346202971135805e-03
1.439973311497079189e-01
-1.509547818901664784e-01
-1.674860793605677800e-01
-1.393395077016564010e-01
-1.743870334605414074e-01
-3.837015202666916452e-02
8.195318317973734196e-03
-9.377066175600695663e-02
3.475663268791006483e-02
-5.530949846816663601e-02
-6.409690726422649643e-02
1.900548388489494561e-02
-5.536504682854311021e-02
-2.239801873418802713e-01
-1.762487240171836389e-01
-4.054962879049119062e-02
-2.620994111299737028e-01
6.223471455948581359e-03
8.200344314028538972e-02
-3.106397583808607685e-02
-1.087757220701423416e-02
-8.622989395075893182e-02
-2.442805674729593146e-01
6.004854441734562565e-02
-9.201893242113373672e-03
-2.026007545631156384e-03
3.217561714751778629e-02
3.517907965356821542e-02
-7.646454065421071783e-03
5.837055482166489742e-03
-8.250736380916369461e-02
-6.957438233212777379e-02
3.830954121962552861e-02
-4.329746240971545784e-02
-9.111813870486423772e-02
5.368206668991735292e-02
-2.220418229716242808e-01
-3.038429369452786410e-01
-2.583385663501902019e-01
2.226322865462337236e-02
-1.475718759308476680e-02
-2.691713146857955263e-01
-1.515149800854224682e-01
-1.633441950658996202e-03
-9.951174561882714098e-03
-3.233959186819949094e-01
-2.582670401306994545e-01
-1.254582100489519125e-01
-2.998676633393939084e-01
6.335732019162952644e-02
1.271003490183570533e-02
-2.482408433217893340e-01
3.753862997214553465e-02
2.448965051509314345e-02
-2.435645186023691899e-01
-1.805500141635806577e-01
-8.510463524801235857e-02
-1.967499390269673298e-01
-1.723055259533856909e-01
-1.244513639117393461e-01
-1.939242694233359043e-01
-5.797635687675814498e-02
-1.705153008339536091e-01
-1.611094143207775775e-01
2.614665021743343629e-02
-3.586722844092456869e-02
-6.526453589702235769e-02
8.192439520597731561e-02
1.475275344579096981e-01
3.876771144194516294e-01
3.738655818573738410e-01
1.757238481466811275e-01
3.436047311876737620e-01
9.993346875442959965e-02
3.675566491837569116e-01
5.370355395246133590e-01
5.935571443885506726e-01
2.694677805636537804e-01
3.938299393699322137e-01
2.871086235244146301e-01
3.392943574911310711e-01
1.129550241934982185e-01
1.996373790872190968e-01
3.112916949230805086e-01
1.344833859580471525e-01
7.297661083321334285e-02
6.896430971226695517e-02
1.190221547879816294e-01
4.073087071127344805e-01
5.428358617475780301e-01
2.008984473959281591e-01
2.683336023647604485e-01
2.965630927705613651e-01
-3.426767087670327949e-02
-1.225659856354504584e-01
-5.060415126141731834e-02
-2.133842583378364743e-01
-3.793022213227313366e-01
-3.184318364302129445e-01
-4.415128307683340303e-01
-4.578195317337932502e-01
-3.849834766580476075e-01
-7.096034260380964520e-01
-5.891224066821334482e-01
-3.567310734458709609e-01
-4.751987604698338918e-01
-4.958088395793913139e-01
-4.812258780276223447e-01
-4.359618727977414010e-01
-2.302477189038158456e-01
-4.650590544297356632e-01
-1.334104028141065990e-01
1.578617531869094814e-01
1.320101722254377885e-01
4.268018112587964596e-01
1.645588063044311489e-01
3.229009448003563043e-01
3.764210360932767063e-01
3.197767812951873290e-01
4.522327031756454008e-01
3.463218539537971097e-01
-2.012873706552265052e-01
-1.648510020930412101e-01
-3.506158061690731742e-01
-2.298395083324958899e-01
-3.471975790087583613e-01
-3.711774801471360297e-01
-3.471640617603131695e-01
-1.798263089192317921e-01
-2.704896899021975165e-01
-2.340793671039407831e-01
1.071241633813436872e-01
6.236537684311053986e-02
3.682613203174658345e-01
2.592063393209777244e-02
6.101402714905898583e-02
2.525655257150206667e-01
4.262545597787421037e-01
5.776429586493442292e-01
5.535411284144945432e-01
7.391776476762991210e-01
9.739253485893504259e-01
7.797399010738755853e-01
6.893666974347408827e-01
7.027029625639242827e-01
3.596762958279909328e-01
2.964413321424985148e-01
2.723077799298476154e-01
-1.205318836393558385e-01
-3.030022657586597945e-01
-1.621799578242703599e-01
-6.177244294493461352e-02
-2.380894480136997171e-01
4.111302058188912034e-02
-1.999473778271496360e-01
-2.373031687561027447e-01
-2.440681126482705798e-01
-4.407357040059659559e-01
-4.826236320870906926e-01
-3.291402717133251610e-01
-5.234046188017633661e-01
-4.569821536727495803e-01
-1.286140143649248113e-01
-2.865383124713594479e-02
-5.210296168322316179e-02
-2.102315138592870114e-01
-3.914790870286620206e-01
-5.100521404418163485e-01
-2.193573309756750855e-01
-2.427387659854875757e-01
-2.519452389787075197e-01
-8.182999858045512942e-02
-1.807859928755965462e-01
8.739531028985944583e-02
-2.547900774186266926e-01
-2.550085601950667358e-01
3.329907695762331782e-02
-1.269921643513469492e-02
-5.221998152727885811e-02
2.342512445468764026e-02
2.908365283368498366e-02
-1.131339366336223118e-01
1.098529295143487738e-01
3.965556766582958304e-01
4.098348871328911791e-01
3.440005145199380165e-01
4.587500184062093811e-01
6.967415119813813451e-01
5.548128883430355485e-01
4.732116904354932707e-01
6.027555578636693001e-01
2.681591057581587112e-01
4.642954966405623551e-01
4.426766106237975396e-01
7.975735629162818141e-02
4.004088501877089978e-02
-2.513761992093845876e-01
4.411608829509689605e-02
-9.076239206120310932e-02
-3.001494470792495095e-01
-1.487069786591206366e-01
1.004888846784023348e-01
2.153274771110881836e-01
1.204368882709495742e-01
2.518452043180513522e-01
2.663861762204855488e-02
-1.600087052492317752e-01
-1.271650589793369146e-01
-2.467050689199312141e-01
-4.530480012840633619e-01
-3.950082693315499216e-01
-3.278375954823441463e-01
-3.146106059721163195e-01
-5.224851195866774267e-01
-6.168953218696680008e-01
-5.777034419303841428e-01
-7.000764231928708892e-01
-4.472515749334906587e-01
-2.795850643313157469e-01
-2.979756205972648453e-01
-1.523248884393326730e-01
-2.329045792237030843e-01
-3.150841445078271796e-01
-1.900292708836697764e-01
-6.376358413840550465e-01
-5.597348167141524833e-01
-6.772432603439735299e-01
-1.000704605309931994e+00
-6.509913988936800733e-01
-7.907200822120425965e-01
-7.162787861707620163e-01
-5.247362686296435097e-01
-4.431902907475067654e-01
-4.251089934202097464e-01
-5.420724103518191894e-01
-5.796529985894224302e-01
-2.997907720100224660e-01
-2.065616433575286903e-01
7.542502778063363278e-02
-2.824456832907812909e-01
-6.332207799451354535e-02
1.202589177811170668e-01
1.341007564075766545e-01
2.405475903384474978e-01
2.089163491707498599e-01
-4.714721349110286702e-02
6.922649273417269544e-02
-2.448295442603432275e-03
4.614143570028910596e-02
4.127888682321827485e-01
1.649441315089198168e-01
3.045294114117659823e-01
2.945520032011714751e-01
5.008140443377331330e-01
5.771974353242792510e-01
5.644618208527428793e-01
6.476150711265336035e-01
4.786392940852444711e-01
4.232024745010710132e-01
6.357783696965192410e-01
5.107481907829019008e-01
6.349226386182651449e-01
8.749114273513380891e-01
8.753789888728159552e-01
7.620165655850816844e-01
6.844031286542681114e-01
7.863384818712186863e-01
5.992889577594284756e-01
6.812603198609282762e-01
5.560748585362318419e-01
5.412862132695988038e-01
4.159375018338419827e-01
-8.489874991450474528e-02
2.911963588683643550e-02
1.203848611740341995e-01
1.121405114175797607e-01
3.011873940218243728e-01
3.799521008453144999e-01
4.759059962969429125e-01
4.340407016117645012e-01
-8.269565758595024893e-03
-4.226506708652043309e-02
-1.368087074568780648e-01
-3.378458409714334976e-01
-2.281622668119514530e-01
-1.521863341241291682e-02
3.461622343120145801e-02
1.949425082082698879e-01
6.045582222855960808e-01
5.107227505357914144e-01
7.812261664153706819e-01
6.572923199338025491e-01
6.802380173960456133e-01
5.716552305773280329e-01
5.029717189381507358e-01
3.232799924466916441e-01
9.323285798959633774e-02
-1.282326177471725288e-02
-1.042168779763853054e-01
1.180617272069241358e-01
7.461307949270344630e-02
5.673562864443703474e-02
-1.438541318494918064e-01
-3.431574714583458530e-01
-2.223940323253263962e-01
-3.222257204573514833e-01
-2.954216521290755487e-02
-3.514794667777663140e-01
-3.535859546615280347e-01
-1.803308122860845519e-01
-6.894672973588972242e-02
-1.197760758702113570e-01
1.937188473607582007e-01
1.689602298657104373e-01
2.935694746840419311e-01
-7.345283972981335452e-02
1.617258102387714863e-02
1.228927516975460293e-01
-2.470796361899826876e-02
-5.881824312161412771e-02
-1.479990567680294355e-01
-8.666184053452388736e-02
-1.836240772671565435e-01
-1.774767052688985269e-01
-2.888606584721277459e-02
-2.277207136666577481e-01
-5.918947084520630453e-01
-1.582101397065796555e-01
-1.684002177203433870e-01
-4.069333168023930303e-01
-3.703147392538216343e-01
-1.864083110768914586e-01
-1.234545881831473763e-01
-3.735185184107313039e-01
-1.594319403498180021e-01
-7.427110895320198844e-03
-2.617617527119613929e-01
1.224892524961402468e-01
-2.049532073128389198e-01
-2.755723689380900066e-01
-4.745882769029602377e-01
-2.678847735963074683e-01
-2.954481758131218827e-01
-2.985507065819965056e-01
-3.480243874911138624e-01
-2.600605841551596464e-01
-3.782572991475326440e-01
-1.765538236065728461e-01
-1.698104411025904426e-01
-1.673244388653460923e-01
-2.446899385698245444e-01
-2.635899555351066126e-01
-1.185004104134359561e-02
-2.412260331673544422e-01
-4.338577260179337092e-01
-3.393601408326312185e-01
-3.837464968536637433e-01
-4.297490145619232149e-01
-4.676659831010304691e-01
-6.537812263009311620e-01
-5.235333199117939706e-01
-2.624495423403901406e-01
-2.617532963348913055e-01
-2.759092957431149573e-01
-1.435802519965950763e-01
-1.286278072907672820e-01
-2.260782142976443809e-01
-4.455878920146490452e-01
-4.439494416112241826e-01
-5.930001858201274789e-01
-2.180159350820448649e-01
-5.870749393940710714e-01
-4.281872374653564184e-01
-2.457114236259536344e-01
-1.945636425304719253e-01
-2.034169050650106447e-01
1.851292510493715848e-01
4.274609358911958812e-01
5.960965816675330986e-01
6.049755485896801677e-01
7.372902581943019396e-01
7.844160307574470359e-01
7.711188174943882645e-01
7.497254412674737578e-01
6.355629323565403777e-01
6.830496081905647054e-01
5.871962700651908174e-01
2.882723209111768270e-01
-1.122434126205266586e-01
1.470515682647309530e-02
5.172076899945147327e-02
-9.769612499511803883e-02
-2.968083995733331593e-01
-2.719724761813220870e-01
-4.387292419928253695e-01
-3.790057581598894054e-01
-4.844411351302084778e-01
-5.812384980805188617e-01
-3.837645129799492349e-01
-4.305395740089910661e-01
-4.358678276355520409e-01
-6.000184522014191391e-01
-3.802303337871777988e-01
-6.223931280124698207e-01
-5.383029552469160706e-01
-3.396499016739553678e-01
-1.932073727547077291e-01
1.945244735193935315e-01
1.348767617301312727e-01
1.522996125112831556e-01
7.056143860566422843e-01
5.003508265657305998e-01
2.750617212363828390e-01
4.459271212690142372e-01
2.422244914069606458e-01
3.890771447080892953e-01
3.311626364826902869e-01
4.521148151541523053e-01
3.156850469652588420e-01
2.115085688221148008e-01
3.525397002769689592e-01
5.791975676045690857e-01
3.602635468105819250e-01
3.089079426119687444e-01
3.838211093318849576e-01
5.940415446630811225e-01
5.173766162466094665e-01
5.861738826253527490e-01
3.516801064493279005e-01
3.539813570868082793e-01
2.742915542257400863e-01
1.772443521625031437e-01
3.632825692967122655e-01
4.938854436206954746e-01
6.050129826702832503e-01
3.932357084989525631e-01
4.300624199264835301e-01
6.578833570389839291e-01
6.199504812331780856e-01
5.938454878717700502e-01
6.134221445109506732e-01
4.999267164436376198e-01
1.798687237697587094e-01
2.943521431652214582e-01
9.778303407085542354e-02
-3.076805242866143542e-01
-5.074154372688136627e-01
-7.403009600600932716e-01
-5.461958914284091859e-01
-6.924735097591060429e-01
-8.210072744375773723e-01
-7.675286564111122312e-01
-9.158613543154062731e-01
-7.224640856396372657e-01
-9.609477899724382377e-01
-2.940766468897637043e-01
2.331934021897021092e-01
3.592178746328371086e-01
5.821461794536179069e-01
3.020947959445320352e-01
8.771102397605985701e-02
4.985978176308467069e-01
5.511064219655167351e-01
3.047021938060748281e-01
3.654733080762726655e-02
1.096324568074525940e-01
-2.634940556816348090e-01
-2.878309421329969253e-01
-4.606637219842180109e-01
-5.648039840477167006e-01
-4.866523683587527516e-01
-7.128537475561224079e-01
-7.810889935099972758e-01
-1.046165812632594783e+00
-8.549529624374954118e-01
-4.529125968419874804e-01
-3.139592183450560237e-01
-7.622520572429612729e-02
1.795508330055202162e-01
-5.485434132966966747e-02
-1.278663158618383311e-01
-1.520318431330366371e-01
-1.086813816854451387e-01
3.480599753311938716e-01
4.836484418378778627e-01
1.044804045263379333e+00
1.238010642510974924e+00
8.865339560217017079e-01
1.276585140338617030e+00
2.299447529809499069e-01
1.652830993429687867e+00
1.185555592362603328e+00
1.124109750296651500e+00
6.520422301043008462e-01
3.268217975637062733e-01
3.177931262745715135e-01
-1.527995489908087496e-03
2.474725435477617697e-01
2.311240158209455220e-01
4.482885925974247621e-02
-1.355184974700512079e-01
-1.710885827179005614e-01
-4.146399826122735277e-01
-3.668293864340895771e-01
-3.712981824197555958e-01
-1.202706908107810668e-01
-2.881800438190655345e-01
-1.025416729882306227e-01
-3.156593880302070998e-01
-6.992682527614619593e-03
-5.437221019434716057e-02
5.238380824906615357e-02
3.519223176969967226e-01
3.187805993717485742e-01
2.832893639800335706e-01
1.006519663722531960e-01
3.654739790468576888e-01
1.152495987703169855e-01
3.453199086267825790e-01
3.565248737959121894e-01
3.276678900869871569e-01
1.002720032687720031e-01
9.495813813803931358e-02
1.973607231916221227e-01
3.323431056325156230e-01
3.310133979021341877e-01
5.770670700598227176e-01
2.056928718059179151e-01
5.151066548311067361e-01
1.853371537035878036e-01
3.102305262143376652e-01
1.824189739242378927e-01
4.964414264062328441e-01
1.290059789436402704e-01
4.768441091825727507e-01
4.712727277569264128e-01
5.182899173742296917e-01
5.697104901288650991e-01
2.697572814808461561e-01
4.122410572371219550e-01
2.481902363223622565e-01
2.838115728649129865e-01
2.783795767019469625e-01
5.021590861069055167e-01
3.591459246419196338e-01
4.492328685384384124e-01
2.484896577096421533e-01
2.349268177278988345e-01
3.780901890215548344e-01
2.644751610648878315e-01
2.245634433697105969e-01
3.318989685377829457e-01
4.558625399083764823e-02
-1.689637686294355734e-01
-3.035855078707273558e-01
-1.442743499496850490e-01
2.485045601981754771e-03
-1.583529401467926364e-03
-2.053182237767581242e-01
-7.382021758745535567e-02
-1.892172719993270302e-01
-1.432781170763355039e-01
-3.206263212746364166e-01
2.066936353911680291e-02
-2.214275320665309854e-01
-2.548199610163145445e-01
7.135214175217263755e-02
3.133303011009393180e-02
2.331656444891672952e-01
3.388713300413547791e-01
7.306139000427652741e-02
1.513365386327546747e-01
2.423685236613133120e-01
1.884076580808090318e-01
-2.460423691236716948e-02
-3.397950462640367264e-01
-3.128923707505014140e-01
-1.889403704608972612e-01
-2.665645441236813018e-01
4.693962268584454464e-03
-4.957234265803220352e-01
-8.863274066455170686e-02
-3.238308693435162366e-01
-2.939790685918124979e-01
-2.116057525916854587e-01
-6.383405274151399134e-02
1.493618230841281813e-01
-2.163208245661972784e-01
1.171858321728367069e-01
2.694228629603881951e-03
2.981593524189399269e-01
2.061431524384540470e-01
6.191231668313386394e-02
-7.694947267390830903e-02
1.028289890555638270e-01
2.531327993835968959e-01
1.180847472174086366e-01
1.774447264398816837e-01
2.189691823735195608e-01
1.070077526683872737e-02
2.464637608251909473e-01
2.609907461299469933e-01
7.050203592026477173e-02
1.436408998852317376e-01
2.466459437062561710e-01
-4.529224782554479994e-02
-2.503060122913209132e-02
-2.283254951522152854e-01
-6.683475052639002711e-02
-6.691125945695981792e-02
-5.873424512295481736e-02
-8.882337845705297330e-02
7.024364446134889750e-02
-8.004497215691080969e-02
-1.894649014384869323e-01
-2.368263159976554399e-01
-5.185437533399139820e-02
-2.772390407951385027e-01
9.735954859681050094e-03
-1.038774914164784444e-02
9.614757039678066206e-03
9.544663638535753891e-02
-5.561883979152461299e-02
1.785051686628213313e-02
3.469908824091117588e-02
3.116617178871267102e-01
-2.017458498888682894e-02
1.772017425843387325e-04
1.262743500048780221e-01
2.241854413134542479e-01
4.160390187540492085e-02
3.085552069647947565e-02
-3.778542719426087326e-01
-1.107482551717912933e-01
-1.645623878477370516e-01
-2.188656365941567816e-01
-3.064133359871064610e-01
4.617351218115032380e-02
7.167745833290902965e-03
-2.139247128105862816e-01
-6.222864846158722429e-02
-4.583237573457160652e-01
2.850395736837369465e-01
2.872057363793713569e-01
9.235655972632832167e-02
1.879741846670236749e-01
1.007065150259074948e-01
2.836936078071419093e-03
3.907203944056105577e-02
7.656447801141573473e-02
4.059512642873928101e-01
4.396216741126406369e-01
6.792223836359660982e-01
3.346795252904714024e-01
1.730454747917431479e-01
5.565208425224914546e-01
8.829548124010206944e-01
8.192061898534127584e-01
4.404118363301774974e-01
6.536278537375022069e-01
5.386764488662514339e-01
5.117238296065801384e-01
5.965740189614123778e-01
3.640204830564995886e-01
3.452268585153873692e-01
4.585712989625131408e-01
7.297921889704303000e-01
5.840106619896475726e-01
4.585780335175413946e-01
3.025820197784684362e-01
3.329619997691359856e-01
4.886111804401692682e-01
5.047449273347369703e-01
3.337584078897221085e-01
1.045012464025221882e-01
1.099064195139593386e-01
1.558042396512898664e-01
5.170768489123814260e-02
-9.484279215557446518e-02
-4.960466825411403297e-02
-1.234696786712096706e-01
-3.234214488365834694e-01
-3.079724818688630017e-01
-1.960953774020643692e-01
-3.167196779536126661e-01
-3.413649997425705074e-01
-4.050350219101608862e-01
-4.186674098940459943e-01
-3.862380458895480762e-01
-3.703661181975828054e-01
-4.442788803363085237e-01
-4.465372936225378564e-01
-4.622783342568219656e-01
-4.995770431457344229e-01
-3.999547853288823451e-01
-4.874432788859735521e-01
-5.253829577374431459e-01
-4.885074653045854975e-01
-6.035153640981423262e-01
-5.138519970330726050e-01
-4.886174128445099907e-01
-6.431829942860221028e-01
-5.498338193702144716e-01
-4.019046456646230281e-01
-3.777157238854820798e-01
-4.108299280234362638e-01
-3.507292673637966152e-01
-4.442265781016920267e-01
-4.300626945773143306e-01
-2.020307724809544125e-01
-1.709945223125950431e-01
-3.426210877540092903e-01
-2.556401082876491038e-01
-1.850708765330101035e-01
-2.116905505555748968e-01
-2.378843974798776351e-01
-1.179203339967376390e-01
-2.200376037715810404e-02
-1.144462867759311886e-01
8.232068490636036684e-02
6.117407519615172123e-02
1.038459073712516556e-01
1.232689016803616144e-01
2.093269813225168141e-01
5.888151499975272790e-02
2.662794286361319304e-02
-1.355905997109608241e-01
-9.680265482370208410e-03
-8.396101470030792324e-02
-9.740607617702223830e-02
2.201835895569277234e-03
-1.067126226763071561e-01
-6.194650475983364685e-02
-1.095222910199343015e-02
-3.098534051108836618e-02
-4.180708659478116207e-02
4.983845207879884776e-02
-3.166543376105139529e-02
-4.454580329063980576e-02
2.878133818090071461e-02
-5.760155904238733332e-02
-3.718746744688259526e-02
-1.087583618551505801e-02
-1.133384822936373687e-01
-1.174800489548772781e-01
6.253411632352342750e-03
-2.478078054765576674e-02
-1.017152134740108571e-01
-2.802242082136639084e-02
-5.043036869212104423e-02
2.359275967942090282e-04
1.154949824815085235e-02
-2.739185226123818859e-02
1.486114249118531197e-02
-5.326156761230272513e-02
1.019590930071461420e-02
-3.854187943399249583e-03
7.310144294114814811e-02
-1.449377675079625317e-02
5.765806478231812193e-02
2.740508974163436209e-02
1.801788686947545376e-02
6.810554327304993438e-02
-9.464603120704689551e-04
6.033154476296773150e-02
3.923977925737585915e-02
3.868500645408260580e-02
4.591956671257137190e-02
8.563738564272727061e-03
-2.890918563848634756e-02
1.955972478975150780e-02
4.099238867025412070e-02
3.157568222800515717e-02
2.040243517136428736e-02
6.993121061778430347e-02
5.006103134820408945e-02
1.903093012983553961e-02
2.159026952584136572e-02
1.458333390476726672e-02
-1.281759537516746240e-02
-7.017441492905595376e-04
-1.980044672064705351e-03
1.242109335499566591e-02
-1.384609203367003286e-02
-7.246771591690186372e-03
-1.577125484588212320e-02
-2.522734247809176045e-02
-1.182397116276334009e-03
-1.843414710467749379e-02
4.304548782120705061e-03
-1.033585647099689864e-02
-2.965530331976665504e-02
-2.759986628829173144e-02
-6.714683326750387100e-03
-7.870226201531270102e-03
-1.480301267454789925e-03
1.121576937043827424e-02
9.943246475243227786e-04
0.000000000000000000e+00
0.000000000000000000e+00
