-5.082804017226016935e-01
-4.519386617522064831e-01
-3.445296526217389577e-01
-4.039552123778866743e-01
-3.329698677176744503e-01
-2.419262374547277716e-01
-7.759822405931154909e-02
-1.629088760614557374e-01
-1.847181145708575931e-02
1.453080830447306959e-01
3.659494847852290400e-01
2.246040404774686250e-01
2.695768384845616539e-01
3.556824193138290180e-02
-3.622289801820926525e-01
-4.269620169892615613e-01
-5.775068587567269152e-01
-7.489730455536297571e-01
-8.785679902717903333e-01
-8.825002734821463246e-01
-8.474442280958501827e-01
-8.199183222694809148e-01
-6.896379386091928687e-01
-2.465323154988899312e-01
1.482755031421080505e-02
3.732863705155841094e-01
6.663969191337547615e-01
