-6.207502162281822500e+00
6.695173913588887693e-01
3.299843807731432932e-01
2.994228481994511415e-01
1.968299060061099726e-01
3.365578281658098692e-01
4.899560102532728445e-01
3.498589726951024104e-01
2.046558860129886748e-01
-4.644626600746439710e-02
2.180973704971749250e-01
-2.785480524843136907e-01
-1.255060150295669308e-01
-2.121099037325500647e-01
-2.379557029956195779e-01
-3.678877215718725502e-01
-2.005708574792293419e-01
5.022971811206346920e-02
-3.037125260239755264e-01
-4.005524016564546708e-01
-6.008591324890196761e-01
-3.135903700973443065e-01
-5.662005057425582855e-02
-1.292449567966091617e-01
3.923958457150685808e-01
3.831145421732249368e-01
5.855606639955824866e-01
2.410105911040399951e-01
2.285892174662257359e-01
-4.233863436980195988e-02
2.142355784067937266e-02
-1.514903904338668339e-01
6.164975658359680283e-02
-4.565218130266932017e-01
4.480384880670993386e-01
-9.194685809004184140e-03
-4.927290571230022453e-01
-2.668750184987317420e-01
1.497911551240767025e-01
-6.664583346502514494e-02
-4.806037135914905528e-02
-5.848841839222160971e-03
-4.439081621812649980e-01
-3.056271460253539088e-02
-2.676306252038245237e-01
-5.406824875929090446e-01
-9.816609535365931893e-02
-1.292207536053817038e-02
-2.328086370089680890e-01
2.775639720296596558e-02
-1.767359082805234904e-01
-2.360575307891817076e-01
-1.144341185583408818e-02
1.878756644113216412e-01
5.349444694540742562e-01
8.081863961366966831e-03
-2.451734180088381912e-02
-1.826743207994678889e-02
2.719945868489950791e-01
9.330848087525425716e-02
3.143987619484517326e-01
9.046184298040432781e-02
5.235287748558391518e-01
5.782157162637227010e-01
8.695896761560492627e-02
3.188826291182707551e-01
-1.107592966278002078e-01
2.043938370582986386e-01
1.381215881686372569e-02
-5.072034179637950890e-01
-1.222277062329295699e-01
-2.826706834076936903e-01
-2.211894970429865714e-01
-2.489317066410778323e-01
-6.654333918555442873e-01
-2.052532728077847146e-01
-1.984238755322122461e-01
-2.198241939395756961e-01
-2.405546597576582180e-01
-1.183800260444992924e-01
4.116044647393733019e-02
-6.514939713015463485e-02
-4.958995288554629011e-01
-3.095879440284808326e-01
-6.125580690270781004e-01
-6.588938384655733671e-01
-5.749463050877159365e-01
-4.838142726066942401e-01
-4.764457437554128205e-01
-6.005916569511033920e-01
-5.672484877978978268e-01
-1.990142113387919631e-01
1.542440208752466624e-01
1.077822934479568950e-01
4.077163875283532635e-01
1.301762834930724200e-01
1.035957026324139246e-01
2.141383534203447347e-01
2.053388376776015822e-01
4.822420295060251272e-01
7.304724913453750634e-01
5.364780049683569585e-01
3.682216635215266876e-01
3.104365303800410425e-01
7.330553132001214889e-02
7.981583903959584697e-03
3.617783218141232826e-01
1.670964719154834910e-01
1.304280889982429303e-01
1.470096463849111246e-01
2.386624096373244075e-01
1.905229119732484155e-01
4.831162646826753226e-01
4.337580230104619017e-01
2.886396863613917563e-01
2.898018001406882371e-01
1.145937710632597972e-01
6.585954789417974853e-02
3.218324761472263554e-03
1.962665867177035284e-01
3.957830184537642348e-01
3.287352151403054590e-01
2.561090150371234109e-01
3.280353826564014197e-01
1.310205817922218685e-01
-2.735648027492836379e-02
1.849863750748359237e-01
1.466121388810592008e-01
-3.088114163526866143e-02
-2.792900149984973712e-01
1.136319738639634674e-01
-7.468722677210126726e-02
5.779627997923023584e-03
1.372380627828585498e-01
