-1.157810341921053254e+00
1.139522061146193838e-01
1.019793953182482893e-01
1.066382850378311264e-01
2.663917739873521984e-01
1.249879284560570791e-01
-6.991559374878611455e-02
6.057230844807260511e-02
2.687874634101356658e-02
8.168566536021304100e-03
2.702161116290877629e-01
1.465124864138739325e-01
-3.864806045650851733e-03
1.526241484269023549e-04
-1.480889396429224680e-01
-9.383563840861001981e-02
-2.392166890034154170e-01
-1.069041798640435609e-01
-1.224632448580948024e-01
-2.426587771566302287e-01
-2.599403401044269590e-01
-3.204723394220898025e-01
-2.377687472127533175e-01
-3.283248349009653122e-01
-3.492109984859145810e-01
-3.660888403614864228e-01
-3.380027938418088684e-01
-4.466501038675524393e-01
-4.540231842188726663e-01
-5.410725840464509773e-01
-4.647969723321160873e-01
-5.645922126947277020e-01
-5.079898151956943053e-01
-5.779845092587776456e-01
-4.190187935449022349e-01
-5.333887460026257576e-01
-6.605682015620407688e-01
-6.296238617390351733e-01
-6.000002267906937581e-01
-6.775479823454270134e-01
-6.479330313478075531e-01
-6.138624080087869972e-01
-9.004932428039561509e-01
-6.128092296844382947e-01
-4.845276436825302624e-01
-6.467860728217643684e-01
-6.496165613548903206e-01
-6.221069046694523985e-01
-8.050152556133408632e-01
-6.348275439569274203e-01
-5.480722403958659950e-01
-6.720978257653684729e-01
-5.142243669838565401e-01
1.109875947947760316e-01
-4.527406886285023080e-01
-6.978339677416404152e-01
-8.383343137557350833e-01
-5.659751565311486043e-01
-4.972244834897212584e-01
-4.817408648959472517e-01
-5.802844457104943121e-01
-6.240921698386170391e-01
-4.377721713087919242e-01
-4.204009682280469007e-01
-5.605953134417407391e-01
-1.544510305935359040e-01
-1.855666794206860815e-01
-2.589029526198189379e-01
8.368245563816735511e-02
8.514611688571663284e-02
4.013143656787947905e-02
2.899042842830330535e-01
1.809887396307447993e-01
3.018448571816849113e-01
5.615389595910323939e-01
6.923071135799342413e-01
7.242741734158614220e-01
8.961216121219439668e-01
8.418144146612506207e-01
1.015252093620307106e+00
1.063180115340902621e+00
1.018066502507966486e+00
9.651483617954159655e-01
1.065779022060487913e+00
1.077757242666979920e+00
9.280290951056745508e-01
8.155376051207970933e-01
7.285925730884071916e-01
6.406590637410989331e-01
5.522184955609257262e-01
2.099325896825460780e-01
1.014931543829521582e-01
-5.413654752296560152e-02
1.199049309468228595e-02
-2.037183610516078713e-01
-3.981752465292750509e-01
-3.470916257567054353e-01
-6.110758666222296798e-01
-3.842318910867742465e-01
-5.093775333037655617e-01
-2.017426165051940806e-02
5.256024227088488265e-01
1.363632175859784690e+00
1.739890293292146950e+00
1.702043206847979606e+00
1.222738483651670816e+00
1.483404917786998789e+00
1.366453504679298936e+00
6.127271256412124556e-01
-7.866744317176918577e-02
-3.623732489948449098e-01
-5.739765989200693586e-01
-6.316843728947376668e-01
-7.770271828248705992e-01
-7.136453445736816725e-01
-8.270289656637412889e-01
-7.611017228535023049e-01
-6.931569534822978884e-01
-5.756984849032172891e-01
-5.490013716867579996e-01
-4.288492583663850999e-01
-2.227011527434374638e-01
-1.308363160065197928e-01
-2.570061390540847590e-01
-2.624813780983118461e-01
-1.372163385931375323e-01
-1.566164082841643435e-01
4.099262659819676979e-04
1.182836914793170269e-01
8.157948258215107218e-02
2.583227734036058765e-01
9.375375165626119445e-02
1.559698211303815751e-02
2.639357249960950225e-01
