-1.336558562021860352e-01
-3.558980359097781848e-02
-6.364214940646216456e-02
-9.204159132425249190e-02
-1.079445731419830384e-01
-1.267611511762544163e-01
-1.360732931756408470e-01
-1.416756504354000634e-01
-1.400122928870387029e-01
-1.527915327608525553e-01
-1.640786603875722949e-01
-1.804866706234176388e-01
-2.030018512137556075e-01
-2.186173582677102545e-01
-2.391977690717769778e-01
-2.365159113838981864e-01
-2.469707392305811877e-01
-2.743474951245695181e-01
-2.640324972839494522e-01
-2.735357021934008981e-01
-2.734758853503100884e-01
-2.772629618318114275e-01
-2.730716956671189188e-01
-2.565918497460654701e-01
-2.325064010474792164e-01
-1.931973058954239431e-01
-1.459520035940529981e-01
-8.984935743967152610e-02
-1.887359977373425507e-02
5.343947396517514242e-02
9.101822374455860454e-02
1.332286402289118432e-01
1.408987767229941679e-01
1.654705369002606175e-01
1.423078547847801689e-01
1.202841620794800059e-01
6.807336508612038539e-02
3.096084156341871382e-02
4.245446416534029432e-03
-3.210952665124097716e-03
-1.172968367915156601e-02
-2.588373642062584065e-02
-2.406506273725407541e-02
-2.030705912564597856e-02
-1.255771653845344331e-02
-1.339438461631689559e-03
-1.633597981745176127e-03
-6.356151854658930421e-04
-1.649339045054978457e-04
9.507818223334386920e-03
2.275186632767361647e-02
2.481457761077179164e-02
3.441017150198130703e-02
3.670080483838637081e-02
3.859671298509259607e-02
4.072760940588412287e-02
3.705458934712872743e-02
3.815774440961116482e-02
4.788800245680515516e-02
4.216662847899180222e-02
3.733904362025364937e-02
4.579896581661977578e-02
5.056165268048189859e-02
4.364045360218028746e-02
4.030299980255057368e-02
4.769944089589140540e-02
4.186769300829530638e-02
2.925019212917819370e-02
4.881684186051708091e-02
4.425646890454919269e-02
