-2.734634046183038070e+00
-2.229657558111354243e-01
-1.655193610280207006e-01
-4.807965065927460313e-01
-2.009611194263962591e-02
2.287114675842270295e-01
-1.156569256477724267e-01
-1.946758743950758458e-02
2.158816695708188071e-01
3.558711172010408652e-01
-1.430080377035147232e-01
-1.996446248627943842e-01
-2.830862670852193896e-01
9.949776210377600516e-02
3.082185133551796352e-01
-1.095033724636903516e-01
-1.037219587259195358e-01
-4.540679386661747308e-01
-4.220999978512250395e-01
-4.874941952772697817e-01
-5.526397563564516835e-01
-6.894998380342097777e-01
-5.210102241548343338e-01
-2.750309534123893465e-02
-9.715142531427547329e-04
-1.113493102148812447e-02
1.428761136787252417e-01
6.237381383058248491e-02
4.287051735253306212e-02
1.346699809844589812e-01
-7.034057675420921085e-02
-2.036421135627539125e-01
-2.471468687045331458e-01
1.361286088144381679e-01
2.358463934873370610e-02
3.186817603116571251e-01
1.604134335479468487e-01
2.537792619140095268e-02
-1.316698518245749960e-01
-4.462275243466956587e-01
-5.008578724742001054e-01
-3.584311937741414544e-01
-6.071241278728233270e-01
-5.611725616624649859e-01
-2.658751310224863884e-01
-3.293416565064771206e-01
-1.832528953346378719e-01
3.597552401806106137e-02
3.326668357982917601e-01
2.781496561614197893e-01
6.264195325468365771e-01
3.731119000330294089e-01
6.782053478981667771e-01
6.629988075730783859e-01
7.497349105967875404e-01
6.668237515359239920e-01
4.664397305226979928e-01
6.015619278924916324e-01
3.497639446010150088e-01
1.470997170797423981e-01
3.348738588331835464e-01
4.758253646616035781e-01
-2.397990544123108914e-02
2.858687809216863829e-01
1.249595775561244126e-01
-3.289585367894836132e-01
-1.012370305782917812e-01
-3.996444785210268580e-01
-5.836993955003010326e-01
-3.921565607306229939e-01
-8.431089513407807878e-01
