-3.458890104592751702e-02
1.213978342768960578e-01
1.039721131804877408e-01
7.096082314140521319e-02
1.023813584255867243e-01
6.788107218168636103e-02
5.589043470437523448e-02
4.937187210323955300e-02
5.658612633701198824e-02
4.467617497445081076e-02
5.534207827658178293e-03
-2.362951093735675065e-02
-5.495606126412830306e-02
-7.406409296430278844e-02
-1.336089605954934867e-01
-1.528326603046832599e-01
-1.900550090327914610e-01
-2.155493936639325814e-01
-1.967989734955869208e-01
-2.411405429309003423e-01
-2.484480329794578890e-01
-2.451748118266718346e-01
-2.773359584238693776e-01
-2.631094422683987188e-01
-2.455116726330012766e-01
-2.046022952420434582e-01
-2.108558838459023699e-01
-1.974762441078081188e-01
-1.729873658499228029e-01
-1.800891257916401311e-01
-1.853579086125980158e-01
-2.213009071837576391e-01
-1.727972126133451580e-01
-1.724889486725565690e-01
-1.573538933401780193e-01
-1.519647378655469006e-01
-1.664283446982642301e-01
-2.005481067786276661e-01
-1.787073510322225722e-01
-2.072770998880500981e-01
-2.085267950230521306e-01
-2.140854347634199017e-01
-2.446926174008555444e-01
-2.150534899160584379e-01
-2.180182705485360084e-01
-2.053836492682297177e-01
-1.654686840753022137e-01
-1.783918176949357837e-01
-1.502101151104701660e-01
-1.130510009321057663e-01
-8.507820775777071021e-02
-6.064575408017735397e-02
-5.335908752484201656e-02
2.767618312301539651e-02
6.809804189591954363e-04
3.248804634171740396e-02
8.216451363205606873e-02
6.278371876126209727e-02
5.715973431274987832e-02
1.093221664951093269e-01
1.206547723790398069e-01
1.646103952224204914e-01
1.687977892538956581e-01
1.607527476632369112e-01
1.818355830105831406e-01
